0.366921 0.0680618 0.400722 1.60391e+09
0.364176 0.0596285 0.40313 1.60391e+09
0.371608 0.0646824 0.401102 1.60391e+09
0.383213 0.079664 0.398534 1.60391e+09
0.382125 0.0708598 0.39324 1.60391e+09
0.38888 0.0746738 0.389863 1.60391e+09
0.387073 0.0693016 0.386365 1.60391e+09
0.39601 0.0464002 0.383604 1.60391e+09
0.394266 0.0325883 0.384236 1.60391e+09
0.388015 0.00570065 0.386835 1.60391e+09
0.381984 -0.0194144 0.391994 1.60391e+09
0.374297 -0.0376041 0.398493 1.60391e+09
0.369738 -0.0333671 0.400203 1.60391e+09
0.364111 -0.00114895 0.398146 1.60391e+09
0.34831 0.0174396 0.409333 1.60391e+09
0.331672 0.0311523 0.424299 1.60391e+09
0.320008 0.021124 0.433991 1.60391e+09
0.306056 -0.0059844 0.43932 1.60391e+09
0.294099 -0.0155126 0.439892 1.60391e+09
0.281627 -0.0167823 0.436712 1.60391e+09
0.258741 0.0212926 0.429293 1.60391e+09
0.257122 0.0342676 0.418272 1.60391e+09
0.246902 0.0469994 0.415172 1.60391e+09
0.234849 0.041885 0.414992 1.60391e+09
0.231439 0.0364814 0.41834 1.60391e+09
0.229758 0.0290187 0.425362 1.60391e+09
0.226958 0.0251773 0.434268 1.60391e+09
0.234145 0.045537 0.438826 1.60391e+09
0.233176 0.0453463 0.442793 1.60391e+09
0.249105 0.0938567 0.44257 1.60391e+09
0.260787 0.111699 0.441907 1.60391e+09
0.263051 0.110533 0.43685 1.60391e+09
0.271411 0.11159 0.432777 1.60391e+09
0.282328 0.120706 0.428941 1.60391e+09
0.280131 0.103996 0.423927 1.60391e+09
0.285618 0.103239 0.419056 1.60391e+09
0.292612 0.0915423 0.414621 1.60391e+09
0.300796 0.0952146 0.4077 1.60391e+09
0.309058 0.0970135 0.405093 1.60391e+09
0.30023 0.111808 0.406231 1.60391e+09
0.301305 0.0930544 0.411437 1.60391e+09
0.308309 0.0670572 0.414434 1.60391e+09
0.296692 0.0559891 0.420038 1.60391e+09
0.288683 0.0288252 0.419156 1.60391e+09
0.277126 0.026444 0.413379 1.60391e+09
0.271142 0.0702213 0.410288 1.60391e+09
0.260107 0.112091 0.415289 1.60391e+09
0.241452 0.0919295 0.411916 1.60391e+09
0.235349 0.0518326 0.408776 1.60391e+09
0.20153 -0.0356607 0.413604 1.60391e+09
0.164167 -0.099057 0.424736 1.60391e+09
0.140281 -0.0545787 0.421926 1.60391e+09
0.119279 -0.0116399 0.419817 1.60391e+09
0.0899491 -0.00928377 0.41572 1.60391e+09
0.067105 -0.0232623 0.408381 1.60391e+09
0.0274546 -0.00640016 0.396598 1.60391e+09
0.0275428 0.0125299 0.396499 1.60391e+09
0.0127808 0.020146 0.392439 1.60391e+09
0.00188603 0.0476259 0.391781 1.60391e+09
0.00213053 0.0456006 0.387806 1.60391e+09
-0.0056508 0.0550672 0.387709 1.60391e+09
-0.0202654 0.0766633 0.379447 1.60391e+09
-0.0333573 0.077989 0.375432 1.60391e+09
-0.0346451 0.115261 0.367353 1.60391e+09
-0.0265431 0.125192 0.3667 1.60391e+09
-0.0213111 0.136383 0.366543 1.60391e+09
-0.0185204 0.145775 0.364667 1.60391e+09
-0.0131591 0.152291 0.362052 1.60391e+09
-0.0148362 0.159525 0.3587 1.60391e+09
-0.00657372 0.167953 0.351569 1.60391e+09
0.00649725 0.12808 0.333435 1.60391e+09
-0.00754268 0.0953631 0.327118 1.60391e+09
0.00807974 0.109197 0.320832 1.60391e+09
0.0120728 0.118705 0.313311 1.60391e+09
0.00746795 0.118697 0.306329 1.60391e+09
-0.000536494 0.11144 0.309945 1.60391e+09
-0.0017742 0.0792826 0.320903 1.60391e+09
0.00356657 0.0270217 0.328116 1.60391e+09
0.00773963 0.0244773 0.30641 1.60391e+09
9.60667e-05 0.00169147 0.301898 1.60391e+09
0.00825221 -0.0270326 0.314438 1.60391e+09
0.00421406 -0.0129423 0.324046 1.60391e+09
-0.00467979 0.00426815 0.326455 1.60391e+09
-0.0128343 0.00928679 0.32403 1.60391e+09
-0.00859419 0.0132059 0.319858 1.60391e+09
-0.0188027 0.0118521 0.315645 1.60391e+09
-0.0207656 0.0218639 0.312233 1.60391e+09
-0.0233035 0.0390446 0.310591 1.60391e+09
-0.0231577 0.0381077 0.310413 1.60391e+09
-0.0243029 0.0532987 0.311035 1.60391e+09
-0.0323108 0.0632458 0.312302 1.60391e+09
-0.0201388 0.0720397 0.306503 1.60391e+09
-0.0275011 0.0675322 0.301821 1.60391e+09
-0.017808 0.0838729 0.292896 1.60391e+09
-0.00323384 0.113626 0.284642 1.60391e+09
-0.00786125 0.130114 0.280796 1.60391e+09
0.0137466 0.127754 0.275683 1.60391e+09
0.0283427 0.195978 0.28845 1.60391e+09
0.0380686 0.189967 0.287165 1.60391e+09
0.0361556 0.220839 0.297174 1.60391e+09
0.0436854 0.195082 0.291287 1.60391e+09
0.0440402 0.184647 0.287977 1.60391e+09
0.0439396 0.159596 0.280434 1.60391e+09
0.0451829 0.0933199 0.27051 1.60391e+09
0.0490814 0.0372759 0.26614 1.60391e+09
0.0535762 0.00263133 0.263056 1.60391e+09
0.0519429 0.0162056 0.26091 1.60391e+09
0.0514839 0.0647226 0.26386 1.60391e+09
0.0333377 0.071903 0.264847 1.60391e+09
0.0330288 0.0402126 0.268211 1.60391e+09
0.00952408 0.0102783 0.27299 1.60391e+09
-0.00116088 0.0280145 0.276534 1.60391e+09
-0.0113791 0.0314929 0.280333 1.60391e+09
-0.0150684 0.0357021 0.28464 1.60391e+09
-0.0276075 0.0406516 0.28645 1.60391e+09
-0.0365379 0.0463276 0.286738 1.60391e+09
-0.0363892 0.0396002 0.285066 1.60391e+09
-0.0468986 0.0425517 0.283197 1.60391e+09
-0.045761 0.0449419 0.280463 1.60391e+09
-0.0569258 0.0434196 0.278608 1.60391e+09
-0.0573856 0.0445974 0.277661 1.60391e+09
-0.0590594 0.0465586 0.278901 1.60391e+09
-0.0588293 0.0410836 0.279682 1.60391e+09
-0.0603621 0.0421426 0.282449 1.60391e+09
-0.0479698 0.0438345 0.284544 1.60391e+09
-0.0489556 0.0494968 0.287243 1.60391e+09
-0.0385151 0.0597269 0.28979 1.60391e+09
-0.0270369 0.0419057 0.289147 1.60391e+09
-0.0220244 0.0566271 0.292356 1.60391e+09
-0.00924817 0.0483191 0.293471 1.60391e+09
-0.00992997 0.0374685 0.296338 1.60391e+09
0.00379264 0.0328457 0.298655 1.60391e+09
0.000458061 0.0190311 0.300679 1.60391e+09
0.0119116 0.0322362 0.302525 1.60391e+09
0.0111265 0.0376886 0.303036 1.60391e+09
0.0212148 0.0333126 0.30316 1.60391e+09
0.0207668 0.0392987 0.303833 1.60391e+09
0.0142719 0.0227545 0.308815 1.60391e+09
0.00814362 0.0111021 0.314171 1.60391e+09
0.0069018 0.0259821 0.318847 1.60391e+09
0.00983248 0.0387312 0.326031 1.60391e+09
0.0119033 0.0641367 0.327466 1.60391e+09
0.00167061 0.0738299 0.329172 1.60391e+09
0.000136845 0.0969877 0.330981 1.60391e+09
-0.00435524 0.125343 0.332674 1.60391e+09
-0.0100966 0.168913 0.335147 1.60391e+09
-0.0101162 0.208735 0.337221 1.60391e+09
-0.0171552 0.254187 0.339805 1.60391e+09
-0.031576 0.322589 0.343762 1.60391e+09
-0.0322306 0.349579 0.346569 1.60391e+09
-0.0376862 0.415205 0.342135 1.60391e+09
-0.0373391 0.423707 0.340092 1.60391e+09
-0.0401686 0.520685 0.343565 1.60391e+09
-0.03932 0.653371 0.325729 1.60391e+09
-0.0484408 0.752261 0.316847 1.60391e+09
-0.0498983 0.838152 0.312553 1.60391e+09
-0.0481401 0.931671 0.305776 1.60391e+09
-0.0480829 1.03856 0.302052 1.60391e+09
-0.0538222 1.15582 0.30242 1.60391e+09
-0.0530597 1.21999 0.301815 1.60391e+09
-0.0509625 1.30913 0.301268 1.60391e+09
-0.0481487 1.39462 0.303288 1.60391e+09
-0.0365638 1.53863 0.307444 1.60391e+09
-0.046035 1.56684 0.310243 1.60391e+09
-0.0360571 1.7375 0.338452 1.60391e+09
-0.0370607 1.84496 0.357929 1.60391e+09
-0.0242392 1.91469 0.359784 1.60391e+09
0.0560873 2.04908 0.357541 1.60391e+09
0.164575 1.88089 0.339424 1.60391e+09
0.246511 1.69164 0.301692 1.60391e+09
0.29452 1.57496 0.28109 1.60391e+09
0.321972 1.49138 0.265643 1.60391e+09
0.349412 1.40838 0.255154 1.60391e+09
0.418952 1.21591 0.248179 1.60391e+09
0.463036 1.09957 0.23843 1.60391e+09
0.504666 0.977234 0.235803 1.60391e+09
0.586254 0.764902 0.237712 1.60391e+09
0.673658 0.604395 0.250052 1.60391e+09
0.733495 0.514845 0.249335 1.60391e+09
0.771419 0.355945 0.269122 1.60391e+09
0.801525 0.274265 0.278707 1.60391e+09
0.833673 0.218245 0.282873 1.60391e+09
0.868237 0.014966 0.347564 1.60391e+09
0.869366 0.0327718 0.337678 1.60391e+09
0.863902 0.0882636 0.310464 1.60391e+09
0.882929 0.0890614 0.298944 1.60391e+09
0.895174 0.100066 0.293757 1.60391e+09
0.909287 0.100116 0.294535 1.60391e+09
0.916655 0.113205 0.299201 1.60391e+09
0.905298 0.125281 0.301923 1.60391e+09
0.906804 0.148863 0.305864 1.60391e+09
0.907248 0.201205 0.303514 1.60391e+09
0.914584 0.227725 0.311191 1.60391e+09
0.916375 0.271314 0.311857 1.60391e+09
0.908039 0.319609 0.30911 1.60391e+09
0.91076 0.373489 0.302343 1.60391e+09
0.908797 0.462382 0.288818 1.60391e+09
0.913705 0.528236 0.282354 1.60391e+09
0.91408 0.57736 0.279461 1.60391e+09
0.905177 0.633093 0.272819 1.60391e+09
0.901599 0.704894 0.266009 1.60391e+09
0.894265 0.783876 0.26076 1.60391e+09
0.896103 0.979801 0.246425 1.60391e+09
0.896139 1.20943 0.232471 1.60391e+09
0.896979 1.36113 0.232471 1.60391e+09
0.894664 1.42472 0.235212 1.60391e+09
0.890088 1.42831 0.223365 1.60391e+09
0.888025 1.53468 0.238287 1.60391e+09
0.889422 1.62698 0.250087 1.60391e+09
0.891376 1.72872 0.266235 1.60391e+09
0.894989 1.78167 0.270168 1.60391e+09
0.899703 1.81914 0.265966 1.60391e+09
0.907644 1.86118 0.261899 1.60391e+09
0.921839 1.97307 0.267377 1.60391e+09
0.948315 2.07214 0.274421 1.60391e+09
1.02465 2.12241 0.280071 1.60391e+09
1.00379 2.13759 0.287806 1.60391e+09
1.07818 2.11832 0.282899 1.60391e+09
1.08274 2.12347 0.28362 1.60391e+09
1.11737 2.11984 0.282791 1.60391e+09
1.13657 2.09895 0.279294 1.60391e+09
1.17498 2.09349 0.283909 1.60391e+09
1.23192 2.05377 0.283356 1.60391e+09
1.40931 1.94276 0.262497 1.60391e+09
1.51664 1.89087 0.248224 1.60391e+09
1.57069 1.88092 0.248587 1.60391e+09
1.90241 1.73237 0.244298 1.60391e+09
2.02293 1.58987 0.251124 1.60391e+09
2.06698 1.55362 0.266542 1.60391e+09
2.08879 1.53615 0.284261 1.60391e+09
2.10199 1.53323 0.299636 1.60391e+09
2.10098 1.49433 0.315509 1.60391e+09
2.07077 1.43402 0.329908 1.60391e+09
2.00946 1.4508 0.325763 1.60391e+09
1.94105 1.45106 0.311257 1.60391e+09
1.89573 1.42442 0.300146 1.60391e+09
1.81159 1.38467 0.279654 1.60391e+09
1.72068 1.35934 0.264202 1.60391e+09
1.65149 1.37068 0.259328 1.60391e+09
1.5936 1.34752 0.254807 1.60391e+09
1.541 1.34155 0.254694 1.60391e+09
1.45253 1.30867 0.254556 1.60391e+09
1.34795 1.30116 0.265635 1.60391e+09
1.27228 1.271 0.271961 1.60391e+09
1.21402 1.25617 0.278146 1.60391e+09
1.15252 1.24079 0.289154 1.60391e+09
1.10508 1.23353 0.29331 1.60391e+09
1.05413 1.22136 0.297517 1.60391e+09
1.02582 1.17641 0.295145 1.60391e+09
0.976011 1.14718 0.304229 1.60391e+09
0.9568 1.13539 0.307248 1.60391e+09
0.932599 1.05951 0.311523 1.60391e+09
0.929016 1.04843 0.311224 1.60391e+09
0.942027 1.01951 0.310714 1.60391e+09
0.946128 0.99715 0.305401 1.60391e+09
0.979007 0.962326 0.292946 1.60391e+09
1.00811 0.891955 0.280638 1.60391e+09
1.0366 0.87665 0.27931 1.60391e+09
1.0589 0.859252 0.280873 1.60391e+09
1.09127 0.820228 0.279081 1.60391e+09
1.15544 0.753076 0.26852 1.60391e+09
1.2265 0.687276 0.265002 1.60391e+09
1.26738 0.68049 0.265733 1.60391e+09
1.30325 0.641162 0.260264 1.60391e+09
1.3605 0.596436 0.25403 1.60391e+09
1.40468 0.538174 0.244307 1.60391e+09
1.45586 0.504219 0.238585 1.60391e+09
1.49413 0.477728 0.233574 1.60391e+09
1.56225 0.419696 0.223754 1.60391e+09
1.70293 0.241595 0.223012 1.60391e+09
1.74417 0.189458 0.227865 1.60391e+09
1.80014 0.152701 0.229037 1.60391e+09
1.83853 0.0969343 0.225181 1.60391e+09
1.87075 0.0544808 0.21997 1.60391e+09
1.90685 0.0114885 0.216736 1.60391e+09
1.91812 -0.0153415 0.211224 1.60391e+09
1.95442 -0.0254499 0.207965 1.60391e+09
1.98475 -0.0328162 0.208539 1.60391e+09
2.00411 -0.0425583 0.202341 1.60391e+09
2.0217 -0.0302474 0.195173 1.60391e+09
2.05448 -0.00898917 0.183127 1.60391e+09
2.06861 -0.000558343 0.179814 1.60391e+09
2.09843 0.0054231 0.1748 1.60391e+09
2.12093 -0.0157548 0.172779 1.60391e+09
2.1709 0.00356907 0.16983 1.60391e+09
2.19392 0.0290782 0.172284 1.60391e+09
2.24233 0.0273977 0.171362 1.60391e+09
2.2673 0.0489738 0.178405 1.60391e+09
2.31622 0.0506305 0.184764 1.60391e+09
2.35101 0.0441788 0.192572 1.60391e+09
2.40662 0.0475257 0.201314 1.60391e+09
2.46246 0.0662126 0.207431 1.60391e+09
2.51036 0.0633631 0.21168 1.60391e+09
2.58265 0.0707689 0.210671 1.60391e+09
2.6452 0.0993037 0.21004 1.60391e+09
2.72278 0.0880248 0.211722 1.60391e+09
2.79285 0.089771 0.21603 1.60391e+09
2.83929 0.117468 0.224142 1.60391e+09
2.88567 0.12972 0.229902 1.60391e+09
2.92944 0.145199 0.236581 1.60391e+09
2.98794 0.166235 0.246728 1.60391e+09
3.04519 0.1546 0.258874 1.60391e+09
3.07366 0.169228 0.26745 1.60391e+09
3.12745 0.208753 0.277444 1.60391e+09
3.16384 0.230773 0.280631 1.60391e+09
3.19678 0.253373 0.280807 1.60391e+09
3.20968 0.271759 0.275689 1.60391e+09
3.22396 0.323304 0.26624 1.60391e+09
3.23078 0.332895 0.263688 1.60391e+09
3.22767 0.378518 0.255547 1.60391e+09
3.21069 0.421214 0.247142 1.60391e+09
3.19841 0.478618 0.242382 1.60391e+09
3.1764 0.493291 0.236836 1.60391e+09
3.1065 0.663415 0.223437 1.60391e+09
3.09616 0.662755 0.222053 1.60391e+09
3.03182 0.743367 0.216828 1.60391e+09
2.99774 0.784436 0.216297 1.60391e+09
2.94134 0.833425 0.217487 1.60391e+09
2.90653 0.875174 0.220322 1.60391e+09
2.87945 0.932175 0.224891 1.60391e+09
2.83456 0.984614 0.226757 1.60391e+09
2.79379 1.06548 0.227123 1.60391e+09
2.76011 1.11385 0.221923 1.60391e+09
2.72411 1.13583 0.209096 1.60391e+09
2.68506 1.15438 0.200055 1.60391e+09
2.65746 1.1974 0.195912 1.60391e+09
2.61987 1.20681 0.184935 1.60391e+09
2.58107 1.26404 0.185083 1.60391e+09
2.56521 1.28892 0.184662 1.60391e+09
2.51953 1.30141 0.185895 1.60391e+09
2.4778 1.31475 0.191538 1.60391e+09
2.44612 1.35044 0.194997 1.60391e+09
2.41669 1.38043 0.194246 1.60391e+09
2.38335 1.43083 0.188946 1.60391e+09
2.35979 1.46588 0.184906 1.60391e+09
2.33743 1.49441 0.181982 1.60391e+09
2.32117 1.55198 0.184017 1.60391e+09
2.30981 1.59019 0.187661 1.60391e+09
2.30611 1.61096 0.188466 1.60391e+09
2.29953 1.64715 0.192027 1.60391e+09
2.29643 1.68319 0.195159 1.60391e+09
2.28592 1.71811 0.196702 1.60391e+09
2.28514 1.76276 0.200193 1.60391e+09
2.2892 1.7834 0.202933 1.60391e+09
2.29474 1.8469 0.212455 1.60391e+09
2.31283 1.87666 0.215456 1.60391e+09
2.33221 1.9154 0.219499 1.60391e+09
2.35118 1.94556 0.221045 1.60391e+09
2.37091 1.97518 0.221007 1.60391e+09
2.39435 2.00159 0.218756 1.60391e+09
2.42365 2.03093 0.217193 1.60391e+09
2.46893 2.03343 0.206615 1.60391e+09
2.48778 2.04931 0.206582 1.60391e+09
2.52425 2.07187 0.208831 1.60391e+09
2.56584 2.07007 0.205864 1.60391e+09
2.61284 2.05548 0.203023 1.60391e+09
2.66729 2.05529 0.206707 1.60391e+09
2.6945 2.04376 0.209269 1.60391e+09
2.74869 2.04742 0.21552 1.60391e+09
2.81151 2.04562 0.219236 1.60391e+09
2.8618 2.03692 0.221791 1.60391e+09
2.91634 2.01062 0.22149 1.60391e+09
3.00414 2.03711 0.224684 1.60391e+09
3.06392 2.0322 0.221193 1.60391e+09
3.13079 2.00777 0.215372 1.60391e+09
3.17489 1.99239 0.214893 1.60391e+09
3.22036 1.97042 0.214355 1.60391e+09
3.28062 1.96164 0.218228 1.60391e+09
3.32752 1.93793 0.221121 1.60391e+09
3.36301 1.91578 0.224015 1.60391e+09
3.42156 1.88854 0.232229 1.60391e+09
3.44936 1.85725 0.235325 1.60391e+09
3.49161 1.84806 0.242977 1.60391e+09
3.52158 1.84214 0.247583 1.60391e+09
3.53425 1.79812 0.246262 1.60391e+09
3.55732 1.76241 0.252691 1.60391e+09
3.55886 1.75263 0.255979 1.60391e+09
3.54956 1.73286 0.257165 1.60391e+09
3.54241 1.70055 0.258404 1.60391e+09
3.54406 1.67517 0.258564 1.60391e+09
3.46064 1.59729 0.239248 1.60391e+09
3.44167 1.54105 0.236702 1.60391e+09
3.41225 1.49344 0.239165 1.60391e+09
3.39349 1.45309 0.247805 1.60391e+09
3.34829 1.34856 0.246171 1.60391e+09
3.32857 1.34653 0.245268 1.60391e+09
3.30367 1.27197 0.240053 1.60391e+09
3.27751 1.22058 0.239336 1.60391e+09
3.25908 1.16165 0.240709 1.60391e+09
3.24017 1.07263 0.235331 1.60391e+09
3.21205 1.00302 0.234329 1.60391e+09
3.18188 0.907007 0.231477 1.60391e+09
3.16839 0.806948 0.23899 1.60391e+09
3.1766 0.753772 0.241895 1.60391e+09
3.18653 0.628758 0.239689 1.60391e+09
3.18898 0.58512 0.239329 1.60391e+09
3.205 0.529934 0.236265 1.60391e+09
3.2337 0.428035 0.234752 1.60391e+09
3.27783 0.335305 0.238027 1.60391e+09
3.30156 0.262884 0.239323 1.60391e+09
3.33901 0.230973 0.235457 1.60391e+09
3.36068 0.202714 0.235576 1.60391e+09
3.37923 0.180457 0.229504 1.60391e+09
3.40441 0.0993361 0.229374 1.60391e+09
3.40465 0.114992 0.216005 1.60391e+09
3.42502 0.0937403 0.215793 1.60391e+09
3.43546 0.144982 0.22309 1.60391e+09
3.4575 0.164454 0.241472 1.60391e+09
3.46372 0.159321 0.244778 1.60391e+09
3.47957 0.153825 0.249344 1.60391e+09
3.50971 0.180276 0.25405 1.60391e+09
3.53065 0.174768 0.255391 1.60391e+09
3.56833 0.186462 0.251421 1.60391e+09
3.59639 0.164018 0.243689 1.60391e+09
3.68267 0.141939 0.22875 1.60391e+09
3.72564 0.104214 0.223399 1.60391e+09
3.79266 0.0854535 0.229949 1.60391e+09
3.84335 0.082283 0.237971 1.60391e+09
3.89069 0.0618849 0.242753 1.60391e+09
3.94332 0.05037 0.24684 1.60391e+09
4.02036 0.0339834 0.248179 1.60391e+09
4.06313 0.0222249 0.248347 1.60391e+09
4.14234 0.00781608 0.243703 1.60391e+09
4.2055 -0.0130757 0.241655 1.60391e+09
4.24395 -0.0282802 0.238128 1.60391e+09
4.28705 -0.0288463 0.236486 1.60391e+09
4.32724 -0.0506611 0.239616 1.60391e+09
4.37693 -0.0715159 0.24895 1.60391e+09
4.39829 -0.0678467 0.253345 1.60391e+09
4.42663 -0.0610088 0.260849 1.60391e+09
4.45464 -0.060849 0.269693 1.60391e+09
4.48257 -0.0767589 0.275619 1.60391e+09
4.50404 -0.0741197 0.278065 1.60391e+09
4.52312 -0.059686 0.277958 1.60391e+09
4.54421 -0.0514541 0.277377 1.60391e+09
4.55449 -0.0496486 0.27789 1.60391e+09
4.55618 -0.0301162 0.281719 1.60391e+09
4.5652 -0.0189771 0.28826 1.60391e+09
4.57269 -0.0117993 0.294864 1.60391e+09
4.57909 -0.0158722 0.302031 1.60391e+09
4.58147 -0.00122353 0.311574 1.60391e+09
4.58422 0.0083167 0.316015 1.60391e+09
4.59109 0.0172765 0.322307 1.60391e+09
4.61675 0.0166824 0.328016 1.60391e+09
4.61861 0.0107043 0.333943 1.60391e+09
4.62337 0.0127239 0.341037 1.60391e+09
4.63703 0.0233251 0.351038 1.60391e+09
4.64443 0.0199623 0.359721 1.60391e+09
4.65907 0.0213159 0.361533 1.60391e+09
4.66634 0.0264587 0.363413 1.60391e+09
4.68331 0.0229962 0.362891 1.60391e+09
4.69044 0.016966 0.363301 1.60391e+09
4.68988 0.00656161 0.364507 1.60391e+09
4.70827 -0.00397863 0.370477 1.60391e+09
4.71152 -0.0259726 0.389423 1.60391e+09
4.70239 -0.0167083 0.389446 1.60391e+09
4.70117 -0.0160168 0.389425 1.60391e+09
4.69377 -0.0214875 0.407372 1.60391e+09
4.68578 -0.0193876 0.417984 1.60391e+09
4.67976 -0.0199023 0.425924 1.60391e+09
4.67133 -0.0173512 0.432644 1.60391e+09
4.65886 -0.00708538 0.44224 1.60391e+09
4.65476 0.00118837 0.446616 1.60391e+09
4.64915 -0.0223848 0.447346 1.60391e+09
4.63983 -0.0266495 0.450877 1.60391e+09
4.63551 -0.030511 0.456393 1.60391e+09
4.63758 -0.0248429 0.46331 1.60391e+09
4.63494 -0.0126389 0.472606 1.60391e+09
4.63163 -0.0174081 0.475794 1.60391e+09
4.63506 -0.0261206 0.477724 1.60391e+09
4.63874 -0.033034 0.479175 1.60391e+09
4.63888 -0.0423907 0.481225 1.60391e+09
4.65122 -0.0523051 0.483692 1.60391e+09
4.65854 -0.0396974 0.485161 1.60391e+09
4.67556 -0.0452513 0.483229 1.60391e+09
4.67824 -0.0566048 0.481607 1.60391e+09
4.68432 -0.082946 0.481744 1.60391e+09
4.69137 -0.10835 0.482065 1.60391e+09
4.69882 -0.0931734 0.483835 1.60391e+09
4.70965 -0.0706161 0.486603 1.60391e+09
4.71772 -0.0930149 0.483677 1.60391e+09
4.71917 -0.0913428 0.48209 1.60391e+09
4.72024 -0.134438 0.478834 1.60391e+09
4.71977 -0.137447 0.477961 1.60391e+09
4.73231 -0.126502 0.477955 1.60391e+09
4.73501 -0.112003 0.480798 1.60391e+09
4.72719 -0.131984 0.481773 1.60391e+09
4.72052 -0.130649 0.484735 1.60391e+09
4.71834 -0.131751 0.488346 1.60391e+09
4.72192 -0.144565 0.490712 1.60391e+09
4.7047 -0.139286 0.492705 1.60391e+09
4.70751 -0.134105 0.494868 1.60391e+09
4.69765 -0.11535 0.495336 1.60391e+09
4.6931 -0.105896 0.495257 1.60391e+09
4.68598 -0.0797882 0.49718 1.60391e+09
4.68909 -0.0745531 0.497681 1.60391e+09
4.6754 -0.0799635 0.502161 1.60391e+09
4.6625 -0.144264 0.502754 1.60391e+09
4.66387 -0.150411 0.507811 1.60391e+09
4.66474 -0.0685896 0.519122 1.60391e+09
4.66639 -0.0601205 0.517419 1.60391e+09
4.6656 -0.0446851 0.517021 1.60391e+09
4.6629 -0.0564698 0.511614 1.60391e+09
4.66088 -0.0675406 0.509707 1.60391e+09
4.67028 -0.060361 0.51052 1.60391e+09
4.67152 -0.0705522 0.508922 1.60391e+09
4.6751 -0.0770665 0.50715 1.60391e+09
4.679 -0.0811195 0.50542 1.60391e+09
4.68669 -0.0806406 0.505277 1.60391e+09
4.68896 -0.0849321 0.504419 1.60391e+09
4.6946 -0.0761573 0.502708 1.60391e+09
4.69699 -0.0785271 0.498489 1.60391e+09
4.70669 -0.0929706 0.493793 1.60391e+09
4.707 -0.124854 0.489679 1.60391e+09
4.71359 -0.124297 0.489913 1.60391e+09
4.71277 -0.129396 0.490561 1.60391e+09
4.72805 -0.126967 0.493103 1.60391e+09
4.72458 -0.142299 0.495147 1.60391e+09
4.72445 -0.146612 0.497306 1.60391e+09
4.72348 -0.159661 0.496993 1.60391e+09
4.71366 -0.162126 0.496149 1.60391e+09
4.71496 -0.151979 0.496911 1.60391e+09
4.70013 -0.153913 0.496161 1.60391e+09
4.70593 -0.149573 0.495584 1.60391e+09
4.69455 -0.160063 0.486009 1.60391e+09
4.68594 -0.159996 0.48577 1.60391e+09
4.67672 -0.149932 0.486638 1.60391e+09
4.66815 -0.141103 0.487654 1.60391e+09
4.67111 -0.134718 0.483111 1.60391e+09
4.66686 -0.141442 0.482767 1.60391e+09
4.66493 -0.110543 0.484251 1.60391e+09
