0.40645 0.0932811 0.391288 1.60391e+09
0.407519 0.0928923 0.391914 1.60391e+09
0.408551 0.0923949 0.392509 1.60391e+09
0.409577 0.0918205 0.392969 1.60391e+09
0.41058 0.0911997 0.393308 1.60391e+09
0.411547 0.0905274 0.393401 1.60391e+09
0.412506 0.0898049 0.393384 1.60391e+09
0.413423 0.0889852 0.393195 1.60391e+09
0.414329 0.0881326 0.392799 1.60391e+09
0.416018 0.0862356 0.391761 1.60391e+09
0.416845 0.0851499 0.391022 1.60391e+09
0.417592 0.0839289 0.390284 1.60391e+09
0.41901 0.0815319 0.38863 1.60391e+09
0.419667 0.0802508 0.38766 1.60391e+09
0.420273 0.0789157 0.386711 1.60391e+09
0.420833 0.0775585 0.385671 1.60391e+09
0.421831 0.0747071 0.383482 1.60391e+09
0.422642 0.0716334 0.381398 1.60391e+09
0.422975 0.0700568 0.380331 1.60391e+09
0.42327 0.0684185 0.379368 1.60391e+09
0.423493 0.0667636 0.378569 1.60391e+09
0.423682 0.0650606 0.37769 1.60391e+09
0.423819 0.0633188 0.376841 1.60391e+09
0.423873 0.0615641 0.376082 1.60391e+09
0.423897 0.0597646 0.375363 1.60391e+09
0.423855 0.0579298 0.374778 1.60391e+09
0.423356 0.0521354 0.373106 1.60391e+09
0.423078 0.0501529 0.372658 1.60391e+09
0.422245 0.046121 0.372559 1.60391e+09
0.421752 0.0440904 0.372515 1.60391e+09
0.421169 0.0419591 0.372677 1.60391e+09
0.420551 0.0398452 0.372787 1.60391e+09
0.419887 0.0378522 0.372904 1.60391e+09
0.419119 0.0358267 0.373306 1.60391e+09
0.418303 0.0338341 0.373619 1.60391e+09
0.417404 0.0318076 0.374169 1.60391e+09
0.416522 0.0297643 0.374604 1.60391e+09
0.415483 0.0278383 0.375344 1.60391e+09
0.414413 0.0259583 0.37597 1.60391e+09
0.413279 0.0240968 0.376703 1.60391e+09
0.412128 0.0222015 0.377337 1.60391e+09
0.410858 0.020357 0.378219 1.60391e+09
0.409559 0.0184948 0.379086 1.60391e+09
0.408255 0.0166659 0.379675 1.60391e+09
0.406884 0.01485 0.380384 1.60391e+09
0.405429 0.0130328 0.38124 1.60391e+09
0.40392 0.0112725 0.382116 1.60391e+09
0.400799 0.00784638 0.383312 1.60391e+09
0.399166 0.00619766 0.383946 1.60391e+09
0.397457 0.00463715 0.384567 1.60391e+09
0.395721 0.00315009 0.384975 1.60391e+09
0.393896 0.00168281 0.385591 1.60391e+09
0.392029 0.000315819 0.385978 1.60391e+09
0.390115 -0.00101193 0.386468 1.60391e+09
0.388179 -0.00224427 0.386839 1.60391e+09
0.386173 -0.00342089 0.387277 1.60391e+09
0.384106 -0.00456971 0.387822 1.60391e+09
0.382028 -0.00560719 0.388177 1.60391e+09
0.377776 -0.0075117 0.389046 1.60391e+09
0.3756 -0.00837278 0.389559 1.60391e+09
0.371184 -0.00987518 0.390464 1.60391e+09
0.366606 -0.0111016 0.391858 1.60391e+09
0.361952 -0.0119724 0.3934 1.60391e+09
0.34985 -0.0125515 0.398734 1.60391e+09
0.339859 -0.0113652 0.404659 1.60391e+09
0.327341 -0.00810109 0.412854 1.60391e+09
0.320067 -0.00524102 0.418975 1.60391e+09
0.315305 -0.00301719 0.422177 1.60391e+09
0.310621 -0.000565898 0.424865 1.60391e+09
0.308336 0.000735586 0.425511 1.60391e+09
0.306047 0.00207173 0.426019 1.60391e+09
0.299364 0.00637154 0.426713 1.60391e+09
0.297166 0.00786382 0.426492 1.60391e+09
0.292852 0.0110123 0.425504 1.60391e+09
0.290742 0.012624 0.424686 1.60391e+09
0.288653 0.0142495 0.423765 1.60391e+09
0.286609 0.0159351 0.422746 1.60391e+09
0.284642 0.0176137 0.421628 1.60391e+09
0.282716 0.0193178 0.420545 1.60391e+09
0.280854 0.0210444 0.419302 1.60391e+09
0.277321 0.0245851 0.416499 1.60391e+09
0.275688 0.0264132 0.414933 1.60391e+09
0.274091 0.0282601 0.413327 1.60391e+09
0.271121 0.0320431 0.41017 1.60391e+09
0.26974 0.0340812 0.40859 1.60391e+09
0.265043 0.0421309 0.403226 1.60391e+09
0.263999 0.0441781 0.402375 1.60391e+09
0.263073 0.0462084 0.401408 1.60391e+09
0.262186 0.0482611 0.400663 1.60391e+09
0.26134 0.0502788 0.400221 1.60391e+09
0.260625 0.0522678 0.399865 1.60391e+09
0.259994 0.0542107 0.399797 1.60391e+09
0.259427 0.0561686 0.399901 1.60391e+09
0.25898 0.0580623 0.400237 1.60391e+09
0.258586 0.0599725 0.400778 1.60391e+09
0.258293 0.061929 0.401334 1.60391e+09
0.258069 0.0638251 0.402214 1.60391e+09
0.257956 0.0657542 0.403267 1.60391e+09
0.257917 0.0676943 0.404417 1.60391e+09
0.257994 0.0696063 0.405839 1.60391e+09
0.258177 0.0715072 0.40744 1.60391e+09
0.258359 0.0734667 0.409135 1.60391e+09
0.258694 0.0753727 0.410913 1.60391e+09
0.259065 0.077275 0.412871 1.60391e+09
0.259523 0.0792681 0.414819 1.60391e+09
0.260025 0.0811082 0.416828 1.60391e+09
0.260586 0.0829245 0.418866 1.60391e+09
0.2612 0.0846663 0.42094 1.60391e+09
0.26184 0.0863646 0.422999 1.60391e+09
0.26259 0.0880195 0.42493 1.60391e+09
0.263367 0.0896144 0.426717 1.60391e+09
0.26414 0.0912144 0.428431 1.60391e+09
0.265007 0.092681 0.430133 1.60391e+09
0.265871 0.0941353 0.431627 1.60391e+09
0.266829 0.0955716 0.432861 1.60391e+09
0.267781 0.0969459 0.434077 1.60391e+09
0.268715 0.0983311 0.43508 1.60391e+09
0.269813 0.0995942 0.43595 1.60391e+09
0.272024 0.102084 0.437253 1.60391e+09
0.276958 0.106889 0.438107 1.60391e+09
0.28251 0.111043 0.43702 1.60391e+09
0.284017 0.111967 0.436372 1.60391e+09
0.285592 0.112802 0.435581 1.60391e+09
0.287054 0.113648 0.434899 1.60391e+09
0.288585 0.114387 0.434017 1.60391e+09
0.290115 0.115075 0.433147 1.60391e+09
0.291701 0.115611 0.432052 1.60391e+09
0.293266 0.116111 0.430937 1.60391e+09
0.294843 0.11654 0.429791 1.60391e+09
0.296471 0.116848 0.428588 1.60391e+09
0.298011 0.11715 0.427464 1.60391e+09
0.299648 0.117324 0.426263 1.60391e+09
0.301238 0.117464 0.425162 1.60391e+09
0.302827 0.11754 0.424056 1.60391e+09
0.304438 0.117586 0.422868 1.60391e+09
0.305994 0.117641 0.421706 1.60391e+09
0.30923 0.11754 0.419359 1.60391e+09
0.310901 0.117404 0.418172 1.60391e+09
0.312525 0.117215 0.417035 1.60391e+09
0.314096 0.117055 0.415951 1.60391e+09
0.315753 0.116725 0.414897 1.60391e+09
0.318909 0.11596 0.412892 1.60391e+09
0.320467 0.115467 0.411926 1.60391e+09
0.321983 0.114849 0.411096 1.60391e+09
0.323474 0.114159 0.410265 1.60391e+09
0.324923 0.11344 0.409342 1.60391e+09
0.326319 0.112522 0.408602 1.60391e+09
0.327676 0.111554 0.407815 1.60391e+09
0.329004 0.110533 0.406958 1.60391e+09
0.331487 0.108256 0.405282 1.60391e+09
0.333844 0.105783 0.403202 1.60391e+09
0.33495 0.104401 0.402271 1.60391e+09
0.335994 0.103024 0.401337 1.60391e+09
0.336979 0.101588 0.40036 1.60391e+09
0.337915 0.100218 0.399443 1.60391e+09
0.338786 0.0987041 0.398551 1.60391e+09
0.339544 0.0971515 0.397818 1.60391e+09
0.340361 0.0956217 0.397124 1.60391e+09
0.341003 0.0939383 0.396354 1.60391e+09
0.341672 0.0922317 0.395906 1.60391e+09
0.342221 0.0904308 0.395509 1.60391e+09
0.342702 0.0885893 0.395194 1.60391e+09
0.343121 0.0866678 0.394922 1.60391e+09
0.343461 0.0845519 0.394738 1.60391e+09
0.343699 0.0824641 0.394712 1.60391e+09
0.34385 0.0802916 0.394837 1.60391e+09
0.343897 0.0780854 0.394994 1.60391e+09
0.343855 0.0757744 0.39534 1.60391e+09
0.343702 0.0734174 0.395753 1.60391e+09
0.343436 0.0709411 0.396263 1.60391e+09
0.342619 0.0660217 0.397679 1.60391e+09
0.342096 0.0634522 0.398377 1.60391e+09
0.340768 0.0584421 0.400047 1.60391e+09
0.339974 0.0558893 0.401138 1.60391e+09
0.339132 0.0532622 0.402041 1.60391e+09
0.338196 0.0507656 0.403 1.60391e+09
0.337191 0.0482257 0.404053 1.60391e+09
0.336126 0.0457069 0.404945 1.60391e+09
0.334991 0.0431422 0.405884 1.60391e+09
0.333774 0.0405194 0.406669 1.60391e+09
0.332469 0.0379311 0.4075 1.60391e+09
0.331085 0.0353045 0.408188 1.60391e+09
0.329601 0.0326749 0.408787 1.60391e+09
0.32805 0.030019 0.409189 1.60391e+09
0.326401 0.0273801 0.40953 1.60391e+09
0.324671 0.0246435 0.409751 1.60391e+09
0.322824 0.0220048 0.409733 1.60391e+09
0.32089 0.0193449 0.409534 1.60391e+09
0.318876 0.0166757 0.409268 1.60391e+09
0.316752 0.0140542 0.408886 1.60391e+09
0.314591 0.0113749 0.408258 1.60391e+09
0.312313 0.00881019 0.407578 1.60391e+09
0.309995 0.00615524 0.406848 1.60391e+09
0.307581 0.00363866 0.405781 1.60391e+09
0.305103 0.00115659 0.404692 1.60391e+09
0.302569 -0.00131101 0.40366 1.60391e+09
0.300008 -0.00381285 0.402662 1.60391e+09
0.297358 -0.00616788 0.401484 1.60391e+09
0.294618 -0.00847761 0.40038 1.60391e+09
0.29185 -0.0107947 0.399312 1.60391e+09
0.288995 -0.0130416 0.398247 1.60391e+09
0.286054 -0.0152448 0.397185 1.60391e+09
0.283049 -0.0174061 0.396175 1.60391e+09
0.279933 -0.0195022 0.39521 1.60391e+09
0.276717 -0.0215191 0.394301 1.60391e+09
0.273427 -0.0235238 0.393408 1.60391e+09
0.27002 -0.0254764 0.392774 1.60391e+09
0.266487 -0.0273731 0.392544 1.60391e+09
0.262881 -0.0292075 0.392278 1.60391e+09
0.259191 -0.0309554 0.39222 1.60391e+09
0.255414 -0.0326162 0.392262 1.60391e+09
0.251549 -0.0341795 0.392534 1.60391e+09
0.24763 -0.0356384 0.392774 1.60391e+09
0.243679 -0.0369891 0.39314 1.60391e+09
0.239668 -0.0382508 0.393741 1.60391e+09
0.235624 -0.0393996 0.394254 1.60391e+09
0.231561 -0.0404308 0.395007 1.60391e+09
0.227474 -0.0413793 0.395888 1.60391e+09
0.223322 -0.0421878 0.396844 1.60391e+09
0.219226 -0.0428694 0.397934 1.60391e+09
0.214947 -0.043494 0.399068 1.60391e+09
0.210706 -0.0440216 0.400322 1.60391e+09
0.206518 -0.0444466 0.401666 1.60391e+09
0.202209 -0.0447879 0.402837 1.60391e+09
0.197918 -0.0450368 0.404217 1.60391e+09
0.193643 -0.0451286 0.405458 1.60391e+09
0.189212 -0.0451765 0.406616 1.60391e+09
0.184751 -0.0451444 0.407864 1.60391e+09
0.180247 -0.0449992 0.409081 1.60391e+09
0.171232 -0.0444748 0.411333 1.60391e+09
0.166699 -0.0440571 0.412351 1.60391e+09
0.162229 -0.043548 0.413213 1.60391e+09
0.148876 -0.0413901 0.415435 1.60391e+09
0.144483 -0.0404692 0.416095 1.60391e+09
0.140118 -0.0394222 0.416541 1.60391e+09
0.135807 -0.0382991 0.416963 1.60391e+09
0.131511 -0.0370465 0.417219 1.60391e+09
0.127248 -0.0357096 0.417225 1.60391e+09
0.123006 -0.0342755 0.417326 1.60391e+09
0.118893 -0.0328109 0.417391 1.60391e+09
0.114725 -0.0311348 0.416922 1.60391e+09
0.110525 -0.0294386 0.416681 1.60391e+09
0.106376 -0.0276472 0.416219 1.60391e+09
0.102237 -0.025753 0.415708 1.60391e+09
0.0981318 -0.0237668 0.415006 1.60391e+09
0.0940714 -0.0217314 0.414151 1.60391e+09
0.0900508 -0.0195816 0.413089 1.60391e+09
0.0860546 -0.0173735 0.412037 1.60391e+09
0.0821272 -0.0151255 0.410887 1.60391e+09
0.0782706 -0.0127608 0.40952 1.60391e+09
0.0744981 -0.0103623 0.408053 1.60391e+09
0.070789 -0.00786263 0.406512 1.60391e+09
0.0671722 -0.00534373 0.404925 1.60391e+09
0.0635997 -0.00270147 0.403325 1.60391e+09
0.0601534 -3.93539e-05 0.401505 1.60391e+09
0.0502511 0.00836785 0.396317 1.60391e+09
0.0380764 0.0201828 0.389771 1.60391e+09
0.0352285 0.0232145 0.388364 1.60391e+09
0.0247231 0.0354648 0.383758 1.60391e+09
0.0200934 0.0415347 0.38209 1.60391e+09
0.0179368 0.0445529 0.381429 1.60391e+09
0.0158893 0.047647 0.380799 1.60391e+09
0.0139589 0.0506989 0.380184 1.60391e+09
0.0121168 0.053714 0.379718 1.60391e+09
0.0104698 0.0567806 0.379267 1.60391e+09
0.0087478 0.0597955 0.378663 1.60391e+09
0.00578484 0.0657319 0.377634 1.60391e+09
0.00429027 0.068622 0.377023 1.60391e+09
0.00293958 0.0714865 0.376393 1.60391e+09
0.000492563 0.0770553 0.374948 1.60391e+09
-0.000685689 0.07978 0.374049 1.60391e+09
-0.00185333 0.082442 0.373097 1.60391e+09
-0.00385342 0.0875447 0.37086 1.60391e+09
-0.00556022 0.0923989 0.368554 1.60391e+09
-0.00622261 0.0946518 0.367421 1.60391e+09
-0.00686944 0.0968897 0.36626 1.60391e+09
-0.00743004 0.0990358 0.365128 1.60391e+09
-0.00790478 0.101113 0.364081 1.60391e+09
-0.00828812 0.103083 0.363103 1.60391e+09
-0.00918259 0.111696 0.359415 1.60391e+09
-0.00879838 0.11782 0.357592 1.60391e+09
-0.00860153 0.118731 0.357398 1.60391e+09
-0.00836525 0.119542 0.357175 1.60391e+09
-0.00808052 0.120244 0.357023 1.60391e+09
-0.00773737 0.120851 0.356852 1.60391e+09
-0.00736486 0.121369 0.356711 1.60391e+09
-0.00694252 0.121802 0.356408 1.60391e+09
-0.00542264 0.122603 0.355397 1.60391e+09
-0.00362018 0.122665 0.353794 1.60391e+09
-0.00298257 0.12253 0.352995 1.60391e+09
-0.000989378 0.12171 0.350224 1.60391e+09
-0.000305777 0.121282 0.349053 1.60391e+09
0.000393 0.120753 0.347929 1.60391e+09
0.00108257 0.120174 0.346734 1.60391e+09
0.00179234 0.119499 0.345358 1.60391e+09
0.00249634 0.118768 0.34401 1.60391e+09
0.00319693 0.117942 0.34262 1.60391e+09
0.0039414 0.117109 0.340959 1.60391e+09
0.00466584 0.116179 0.339401 1.60391e+09
0.00541654 0.115178 0.337703 1.60391e+09
0.00618198 0.114111 0.335938 1.60391e+09
0.00691696 0.112819 0.334287 1.60391e+09
0.00767294 0.111687 0.332333 1.60391e+09
0.00842345 0.110359 0.330679 1.60391e+09
0.00994297 0.107614 0.327081 1.60391e+09
0.0127908 0.101477 0.320455 1.60391e+09
0.0134586 0.099785 0.31904 1.60391e+09
0.0140977 0.0980135 0.317575 1.60391e+09
0.0160485 0.0924124 0.313196 1.60391e+09
0.0166626 0.090492 0.311626 1.60391e+09
0.0172673 0.0885288 0.31001 1.60391e+09
0.017839 0.0865169 0.308284 1.60391e+09
0.0184272 0.0844907 0.306465 1.60391e+09
0.0189711 0.0823714 0.304784 1.60391e+09
0.0200198 0.0780776 0.301137 1.60391e+09
0.0205164 0.0758993 0.299403 1.60391e+09
0.0209904 0.073686 0.297798 1.60391e+09
0.0218651 0.0692189 0.29471 1.60391e+09
0.0222948 0.0669246 0.293255 1.60391e+09
0.0226683 0.0646865 0.292048 1.60391e+09
0.0233987 0.0599604 0.290252 1.60391e+09
0.0236873 0.0576183 0.289981 1.60391e+09
0.0239124 0.0553249 0.290007 1.60391e+09
0.0242086 0.0506518 0.291369 1.60391e+09
0.0242511 0.0483361 0.292674 1.60391e+09
0.0242471 0.0459825 0.294302 1.60391e+09
0.0241697 0.0435893 0.296208 1.60391e+09
0.0240789 0.0413034 0.298298 1.60391e+09
0.024003 0.0390159 0.30064 1.60391e+09
0.023789 0.0368031 0.303144 1.60391e+09
0.0236272 0.034572 0.305656 1.60391e+09
0.0234935 0.0322814 0.308007 1.60391e+09
0.0232936 0.0300806 0.310278 1.60391e+09
0.0226086 0.0234696 0.315659 1.60391e+09
0.0208348 0.0105679 0.31615 1.60391e+09
0.0190913 0.00238208 0.310638 1.60391e+09
0.0154924 -0.0082959 0.301356 1.60391e+09
0.013435 -0.0126522 0.298245 1.60391e+09
0.0126773 -0.0139265 0.297744 1.60391e+09
0.0103002 -0.0172445 0.297544 1.60391e+09
0.00855342 -0.0190369 0.298567 1.60391e+09
0.0076137 -0.01979 0.299426 1.60391e+09
0.00669922 -0.0204621 0.300331 1.60391e+09
0.00574088 -0.0210441 0.30148 1.60391e+09
0.00476318 -0.0215516 0.302917 1.60391e+09
0.00376479 -0.0219454 0.304357 1.60391e+09
0.00277197 -0.0222695 0.305871 1.60391e+09
0.00175607 -0.0225049 0.307493 1.60391e+09
0.000768565 -0.0226316 0.30896 1.60391e+09
-0.000225735 -0.0226916 0.31053 1.60391e+09
-0.00219491 -0.0225202 0.313476 1.60391e+09
-0.00316799 -0.0223517 0.314985 1.60391e+09
-0.00408611 -0.0220827 0.316158 1.60391e+09
-0.00596105 -0.0213541 0.318446 1.60391e+09
-0.0068633 -0.0208844 0.319284 1.60391e+09
-0.00864444 -0.0197384 0.320284 1.60391e+09
-0.00950799 -0.0190551 0.320522 1.60391e+09
-0.0111925 -0.0175024 0.320541 1.60391e+09
-0.0128408 -0.015694 0.319817 1.60391e+09
-0.013627 -0.0147071 0.319174 1.60391e+09
-0.0143927 -0.0136372 0.318346 1.60391e+09
-0.0158391 -0.0112553 0.316454 1.60391e+09
-0.0165195 -0.00997629 0.315366 1.60391e+09
-0.0171691 -0.00862005 0.314359 1.60391e+09
-0.0177807 -0.00717037 0.313188 1.60391e+09
-0.0183311 -0.00568414 0.312013 1.60391e+09
-0.0188579 -0.00410561 0.310914 1.60391e+09
-0.0193267 -0.00246392 0.309723 1.60391e+09
-0.0197549 -0.000784619 0.308657 1.60391e+09
-0.0201438 0.000984184 0.30762 1.60391e+09
-0.0204703 0.00278936 0.306789 1.60391e+09
-0.0207551 0.00468848 0.305871 1.60391e+09
-0.0209876 0.00663123 0.305132 1.60391e+09
-0.0211406 0.00864298 0.304415 1.60391e+09
-0.0212745 0.0106741 0.303971 1.60391e+09
-0.0213381 0.0127713 0.30357 1.60391e+09
-0.0213689 0.0149271 0.303375 1.60391e+09
-0.0213323 0.0171417 0.303087 1.60391e+09
-0.0212465 0.0193889 0.303053 1.60391e+09
-0.0211184 0.0217087 0.302907 1.60391e+09
-0.0209342 0.0240295 0.302871 1.60391e+09
-0.0206805 0.0264686 0.302699 1.60391e+09
-0.0203948 0.0288679 0.302631 1.60391e+09
-0.0200862 0.0312433 0.302681 1.60391e+09
-0.0197083 0.0336618 0.302574 1.60391e+09
-0.0193144 0.0361219 0.302483 1.60391e+09
-0.0188364 0.0385224 0.302207 1.60391e+09
-0.0183106 0.0410261 0.302015 1.60391e+09
-0.0177755 0.043397 0.301635 1.60391e+09
-0.0171383 0.0459641 0.301239 1.60391e+09
-0.0164758 0.0484242 0.300616 1.60391e+09
-0.0157855 0.0508985 0.299961 1.60391e+09
-0.0150339 0.0533514 0.299108 1.60391e+09
-0.0142074 0.0558642 0.298086 1.60391e+09
-0.0116097 0.0631663 0.294883 1.60391e+09
-0.0096311 0.0681718 0.291729 1.60391e+09
-0.00752321 0.0729197 0.288363 1.60391e+09
-0.00647424 0.0752061 0.286848 1.60391e+09
-0.00413792 0.0798633 0.282761 1.60391e+09
-0.0017422 0.0842669 0.279017 1.60391e+09
0.000774557 0.0885291 0.275159 1.60391e+09
0.00481346 0.0944352 0.269985 1.60391e+09
0.00623592 0.0962849 0.268429 1.60391e+09
0.00769727 0.0980525 0.266973 1.60391e+09
0.0107245 0.101384 0.264445 1.60391e+09
0.0138632 0.104373 0.262603 1.60391e+09
0.018696 0.108429 0.260804 1.60391e+09
0.0562775 0.112087 0.263219 1.60391e+09
0.0600116 0.109115 0.264036 1.60391e+09
0.0622491 0.106787 0.264775 1.60391e+09
0.0651342 0.102743 0.266053 1.60391e+09
0.066058 0.10132 0.26661 1.60391e+09
0.0668645 0.0998374 0.267089 1.60391e+09
0.0677694 0.0983327 0.267579 1.60391e+09
0.0684039 0.0966202 0.268105 1.60391e+09
0.0690974 0.095003 0.2685 1.60391e+09
0.0697232 0.0932537 0.269016 1.60391e+09
0.0702912 0.0915123 0.269417 1.60391e+09
0.0707897 0.0896789 0.269776 1.60391e+09
0.0712514 0.0878131 0.270215 1.60391e+09
0.0716467 0.0859376 0.270501 1.60391e+09
0.0719726 0.0839638 0.270797 1.60391e+09
0.0722491 0.0819986 0.270981 1.60391e+09
0.0724493 0.0800549 0.271187 1.60391e+09
0.0725733 0.0780275 0.271552 1.60391e+09
0.0726604 0.0760747 0.271548 1.60391e+09
0.0726921 0.0739947 0.271476 1.60391e+09
0.0726484 0.0719893 0.271404 1.60391e+09
0.0725467 0.0700284 0.271112 1.60391e+09
0.0723672 0.0680544 0.271037 1.60391e+09
0.0721123 0.0660649 0.270758 1.60391e+09
0.0718031 0.0641316 0.270343 1.60391e+09
0.071428 0.0621423 0.269929 1.60391e+09
0.070928 0.0601238 0.269479 1.60391e+09
0.0705764 0.0582855 0.268805 1.60391e+09
0.0700254 0.0563237 0.268224 1.60391e+09
0.0694047 0.0543266 0.267657 1.60391e+09
0.0687212 0.0523644 0.26705 1.60391e+09
0.0679841 0.0503425 0.266569 1.60391e+09
0.0672027 0.048378 0.265913 1.60391e+09
0.0663537 0.0464134 0.265359 1.60391e+09
0.0654489 0.0444806 0.264893 1.60391e+09
0.0644821 0.0425733 0.264468 1.60391e+09
0.0634941 0.0407392 0.263857 1.60391e+09
0.0624286 0.0389297 0.26345 1.60391e+09
0.0613099 0.0371784 0.263093 1.60391e+09
0.0601499 0.0355086 0.262702 1.60391e+09
0.0589215 0.0338639 0.262482 1.60391e+09
0.0576401 0.0322879 0.262232 1.60391e+09
0.0563106 0.0307397 0.262116 1.60391e+09
0.054944 0.0292132 0.261989 1.60391e+09
0.0534894 0.0277473 0.26196 1.60391e+09
0.0519996 0.0262816 0.26199 1.60391e+09
0.050479 0.0248456 0.261953 1.60391e+09
0.048895 0.0234418 0.26209 1.60391e+09
0.0472803 0.0220419 0.262194 1.60391e+09
0.0456411 0.0206667 0.26241 1.60391e+09
0.0439605 0.0193363 0.2627 1.60391e+09
0.0422685 0.0180464 0.262932 1.60391e+09
0.0405663 0.0167974 0.263133 1.60391e+09
0.0388507 0.01561 0.263532 1.60391e+09
0.0353864 0.013432 0.264607 1.60391e+09
0.0336459 0.0124661 0.265141 1.60391e+09
0.0283723 0.0100035 0.267101 1.60391e+09
0.026582 0.00931568 0.267896 1.60391e+09
0.0247878 0.00867425 0.268698 1.60391e+09
0.0174575 0.00655872 0.27245 1.60391e+09
0.0101234 0.0049784 0.276316 1.60391e+09
0.00832317 0.00466518 0.277232 1.60391e+09
0.00655175 0.00439486 0.278205 1.60391e+09
0.00481926 0.0042099 0.279124 1.60391e+09
0.00311769 0.00406873 0.280157 1.60391e+09
0.0014484 0.00399162 0.281079 1.60391e+09
-0.00018889 0.00394994 0.282049 1.60391e+09
-0.00178457 0.00401588 0.282864 1.60391e+09
-0.00333724 0.00410345 0.283664 1.60391e+09
-0.00488241 0.00425956 0.284494 1.60391e+09
-0.00638135 0.00446583 0.285213 1.60391e+09
-0.00786515 0.00473824 0.285777 1.60391e+09
-0.00930723 0.00502267 0.286389 1.60391e+09
-0.0107451 0.0053539 0.286991 1.60391e+09
-0.0121555 0.00572834 0.287364 1.60391e+09
-0.0135685 0.00611756 0.287836 1.60391e+09
-0.0162887 0.00695895 0.288311 1.60391e+09
-0.0176105 0.00740212 0.288491 1.60391e+09
-0.0189066 0.00787779 0.288561 1.60391e+09
-0.0201531 0.00838344 0.288462 1.60391e+09
-0.0225162 0.00945011 0.28828 1.60391e+09
-0.0236179 0.0100178 0.288028 1.60391e+09
-0.0246411 0.0105998 0.287737 1.60391e+09
-0.0255915 0.0113411 0.287393 1.60391e+09
-0.0264947 0.0120392 0.286989 1.60391e+09
-0.0273372 0.0127817 0.286452 1.60391e+09
-0.0281172 0.0135452 0.285982 1.60391e+09
-0.0288382 0.0143438 0.285473 1.60391e+09
-0.0295067 0.0151707 0.28492 1.60391e+09
-0.0301157 0.0159933 0.284535 1.60391e+09
-0.0306758 0.0168681 0.283936 1.60391e+09
-0.0311873 0.0177059 0.283424 1.60391e+09
-0.0316599 0.0185672 0.282881 1.60391e+09
-0.0320872 0.0194419 0.282326 1.60391e+09
-0.0325146 0.02041 0.281861 1.60391e+09
-0.032845 0.021228 0.281357 1.60391e+09
-0.0331629 0.0220559 0.28096 1.60391e+09
-0.0334178 0.022861 0.2806 1.60391e+09
-0.0336175 0.0236762 0.28027 1.60391e+09
-0.033756 0.0244839 0.28009 1.60391e+09
-0.0338312 0.0252914 0.27989 1.60391e+09
-0.0338374 0.0260974 0.279679 1.60391e+09
-0.0337738 0.0269184 0.279537 1.60391e+09
-0.033642 0.0277074 0.279589 1.60391e+09
-0.0334281 0.0285259 0.279629 1.60391e+09
-0.03314 0.0293386 0.27974 1.60391e+09
-0.0327945 0.0301346 0.279967 1.60391e+09
-0.0323751 0.0309294 0.280154 1.60391e+09
-0.0318977 0.0317012 0.280359 1.60391e+09
-0.0313668 0.0324577 0.280505 1.60391e+09
-0.0307856 0.033186 0.280758 1.60391e+09
-0.030172 0.0338892 0.280993 1.60391e+09
-0.0295251 0.0345453 0.281266 1.60391e+09
-0.0288487 0.0351615 0.281504 1.60391e+09
-0.0281251 0.035757 0.281654 1.60391e+09
-0.0273916 0.0362795 0.281966 1.60391e+09
-0.026623 0.0367752 0.282177 1.60391e+09
-0.02582 0.0372434 0.282396 1.60391e+09
-0.0249999 0.0376602 0.282594 1.60391e+09
-0.0241308 0.0380509 0.28285 1.60391e+09
-0.0232306 0.0384211 0.282945 1.60391e+09
-0.0222664 0.038764 0.28308 1.60391e+09
-0.0212749 0.0390651 0.283241 1.60391e+09
-0.0202664 0.0393168 0.283411 1.60391e+09
-0.0191863 0.039564 0.283416 1.60391e+09
-0.0180747 0.0397826 0.283476 1.60391e+09
-0.0169095 0.0399567 0.283499 1.60391e+09
-0.0157338 0.0400904 0.283601 1.60391e+09
-0.0145098 0.0402023 0.283594 1.60391e+09
-0.0132601 0.0402743 0.283569 1.60391e+09
-0.0119823 0.0403266 0.28345 1.60391e+09
-0.0107281 0.0402824 0.283371 1.60391e+09
-0.00942597 0.0402065 0.283327 1.60391e+09
-0.00690476 0.0399379 0.283218 1.60391e+09
-0.00557742 0.0396856 0.283202 1.60391e+09
-0.0043227 0.0393854 0.283236 1.60391e+09
-0.00181919 0.0386374 0.283401 1.60391e+09
-0.000573848 0.038222 0.283462 1.60391e+09
0.000693539 0.0377871 0.28354 1.60391e+09
0.00193567 0.037283 0.283747 1.60391e+09
0.0032174 0.036762 0.283936 1.60391e+09
0.00445575 0.0361958 0.28422 1.60391e+09
0.00571294 0.0355852 0.284697 1.60391e+09
0.00699127 0.034972 0.284944 1.60391e+09
0.00827743 0.0343418 0.285303 1.60391e+09
0.00954989 0.0336881 0.285721 1.60391e+09
0.0108184 0.0329611 0.286137 1.60391e+09
0.012056 0.03217 0.286703 1.60391e+09
0.0132656 0.0313508 0.287197 1.60391e+09
0.0144684 0.0304816 0.287745 1.60391e+09
0.0156561 0.0295988 0.288115 1.60391e+09
0.0179141 0.0277048 0.288899 1.60391e+09
0.019001 0.0266858 0.289335 1.60391e+09
0.0200395 0.0256949 0.28956 1.60391e+09
0.0210515 0.0246618 0.289873 1.60391e+09
0.0219971 0.0236548 0.29018 1.60391e+09
0.0229307 0.0226221 0.290427 1.60391e+09
0.0238262 0.0216134 0.290559 1.60391e+09
0.024674 0.020669 0.290731 1.60391e+09
0.0255365 0.0195412 0.291042 1.60391e+09
0.0263125 0.0185638 0.291181 1.60391e+09
0.0270861 0.017598 0.291315 1.60391e+09
0.0278269 0.0166862 0.291419 1.60391e+09
0.0284823 0.0157473 0.291535 1.60391e+09
0.0291611 0.0149119 0.291645 1.60391e+09
0.0297801 0.0140695 0.291819 1.60391e+09
0.0303865 0.0132448 0.291962 1.60391e+09
0.0309365 0.0124217 0.292106 1.60391e+09
0.0314407 0.0116109 0.292259 1.60391e+09
0.032339 0.0101048 0.292661 1.60391e+09
0.0327031 0.00938678 0.292897 1.60391e+09
0.0330126 0.00872481 0.293184 1.60391e+09
0.0332641 0.00811874 0.293485 1.60391e+09
0.0334493 0.00757524 0.293956 1.60391e+09
0.0335772 0.00711069 0.294466 1.60391e+09
0.0336522 0.00671446 0.295074 1.60391e+09
0.0335568 0.00626038 0.297382 1.60391e+09
0.0332311 0.00658826 0.299187 1.60391e+09
0.0330058 0.00691619 0.300174 1.60391e+09
0.0327061 0.00738319 0.301381 1.60391e+09
0.0323822 0.0079999 0.302456 1.60391e+09
0.0320119 0.0087243 0.303582 1.60391e+09
0.0315882 0.00959295 0.304811 1.60391e+09
0.031123 0.0106091 0.305938 1.60391e+09
0.0306327 0.0117513 0.307003 1.60391e+09
0.0300921 0.0130645 0.308063 1.60391e+09
0.0295054 0.014476 0.309251 1.60391e+09
0.0288698 0.0160716 0.310298 1.60391e+09
0.0282132 0.0178179 0.311309 1.60391e+09
0.0275178 0.0197309 0.312266 1.60391e+09
0.0267714 0.0218236 0.313194 1.60391e+09
0.0259984 0.0241107 0.314041 1.60391e+09
0.0243386 0.0293338 0.315692 1.60391e+09
0.0234607 0.0322699 0.316502 1.60391e+09
0.0225638 0.0354562 0.317221 1.60391e+09
0.0206482 0.0425435 0.318595 1.60391e+09
0.0186093 0.0505925 0.319844 1.60391e+09
0.0175535 0.0550047 0.320395 1.60391e+09
0.016456 0.0596652 0.320993 1.60391e+09
0.015345 0.0645713 0.321534 1.60391e+09
0.0142087 0.0697394 0.322086 1.60391e+09
0.0130474 0.075175 0.322674 1.60391e+09
0.0118805 0.080879 0.323181 1.60391e+09
0.0106873 0.0868805 0.323702 1.60391e+09
0.00708038 0.106622 0.32535 1.60391e+09
0.00587032 0.1138 0.325976 1.60391e+09
0.00466789 0.121331 0.326608 1.60391e+09
0.00346309 0.129199 0.327169 1.60391e+09
0.00226247 0.137415 0.327869 1.60391e+09
0.00105254 0.145966 0.328632 1.60391e+09
-0.000147296 0.154889 0.329437 1.60391e+09
-0.00136642 0.16418 0.330327 1.60391e+09
-0.00257254 0.173804 0.331157 1.60391e+09
-0.00380231 0.183778 0.332066 1.60391e+09
-0.00501254 0.194072 0.332977 1.60391e+09
-0.00622546 0.204691 0.33377 1.60391e+09
-0.00865319 0.226815 0.335261 1.60391e+09
-0.00985708 0.238334 0.335987 1.60391e+09
-0.0110604 0.25014 0.336615 1.60391e+09
-0.0122428 0.262249 0.337072 1.60391e+09
-0.0168947 0.313429 0.337528 1.60391e+09
-0.0202725 0.354834 0.336222 1.60391e+09
-0.0213742 0.369246 0.335558 1.60391e+09
-0.0246088 0.414355 0.332993 1.60391e+09
-0.0266934 0.445842 0.330703 1.60391e+09
-0.0315564 0.528828 0.323037 1.60391e+09
-0.0324899 0.54606 0.321198 1.60391e+09
-0.0334 0.563516 0.319291 1.60391e+09
-0.0342833 0.581172 0.317367 1.60391e+09
-0.0351798 0.599054 0.315362 1.60391e+09
-0.0360411 0.61718 0.313385 1.60391e+09
-0.0369225 0.63553 0.311444 1.60391e+09
-0.0385543 0.67306 0.307618 1.60391e+09
-0.0393833 0.69219 0.305841 1.60391e+09
-0.0401687 0.71159 0.304048 1.60391e+09
-0.0417304 0.751029 0.301007 1.60391e+09
-0.0423984 0.771129 0.299649 1.60391e+09
-0.0439736 0.8119 0.296911 1.60391e+09
-0.0447205 0.832544 0.295847 1.60391e+09
-0.0461609 0.874016 0.29386 1.60391e+09
-0.0468606 0.894898 0.293162 1.60391e+09
-0.0473796 0.915823 0.292653 1.60391e+09
-0.048173 0.936774 0.292036 1.60391e+09
-0.0486171 0.957731 0.291859 1.60391e+09
-0.0497625 0.99984 0.291708 1.60391e+09
-0.0501442 1.02091 0.291896 1.60391e+09
-0.0506103 1.04204 0.292289 1.60391e+09
-0.0510776 1.0634 0.292504 1.60391e+09
-0.0514505 1.08461 0.293002 1.60391e+09
-0.0518069 1.10565 0.293552 1.60391e+09
-0.0532211 1.19047 0.295397 1.60391e+09
-0.053532 1.21169 0.295885 1.60391e+09
-0.0537605 1.23266 0.296462 1.60391e+09
-0.0543461 1.27427 0.29766 1.60391e+09
-0.0545904 1.29492 0.298357 1.60391e+09
-0.0548236 1.31542 0.29911 1.60391e+09
-0.0549729 1.33575 0.299783 1.60391e+09
-0.0550793 1.35583 0.300447 1.60391e+09
-0.0551266 1.37572 0.301257 1.60391e+09
-0.0551076 1.39541 0.302138 1.60391e+09
-0.0550071 1.41486 0.303124 1.60391e+09
-0.0548262 1.43412 0.304266 1.60391e+09
-0.0545854 1.45314 0.305422 1.60391e+09
-0.0542809 1.47189 0.306653 1.60391e+09
-0.0529565 1.52685 0.310767 1.60391e+09
-0.0518975 1.56231 0.313785 1.60391e+09
-0.0513282 1.57962 0.315421 1.60391e+09
-0.0500957 1.61353 0.318404 1.60391e+09
-0.0466578 1.69323 0.325196 1.60391e+09
-0.0405389 1.77849 0.331084 1.60391e+09
-0.0391891 1.79147 0.332007 1.60391e+09
-0.0329876 1.84004 0.334841 1.60391e+09
-0.0312052 1.85133 0.335261 1.60391e+09
-0.0294432 1.86233 0.335694 1.60391e+09
-0.018064 1.91973 0.335603 1.60391e+09
0.0386485 2.00063 0.321047 1.60391e+09
0.0539314 1.99311 0.319008 1.60391e+09
0.0667897 1.98222 0.317505 1.60391e+09
0.153228 1.85617 0.307729 1.60391e+09
0.165953 1.83253 0.306159 1.60391e+09
0.172557 1.82009 0.305242 1.60391e+09
0.179333 1.80729 0.304293 1.60391e+09
0.186184 1.79411 0.303337 1.60391e+09
0.200353 1.76674 0.300938 1.60391e+09
0.251972 1.6621 0.286803 1.60391e+09
0.267075 1.62967 0.281472 1.60391e+09
0.274786 1.61303 0.278696 1.60391e+09
0.282471 1.59614 0.275955 1.60391e+09
0.298254 1.56146 0.270509 1.60391e+09
0.314523 1.52564 0.265585 1.60391e+09
0.322907 1.50723 0.263256 1.60391e+09
0.331402 1.48861 0.261202 1.60391e+09
0.340065 1.46966 0.259256 1.60391e+09
0.348832 1.45046 0.257562 1.60391e+09
0.357664 1.43105 0.256197 1.60391e+09
0.366591 1.41139 0.254685 1.60391e+09
0.38451 1.37147 0.252295 1.60391e+09
0.393452 1.35125 0.251292 1.60391e+09
0.402382 1.33088 0.250392 1.60391e+09
0.411307 1.31032 0.249637 1.60391e+09
0.420199 1.28963 0.249209 1.60391e+09
0.429137 1.26882 0.248775 1.60391e+09
0.438047 1.24788 0.248801 1.60391e+09
0.447035 1.22685 0.248822 1.60391e+09
0.45605 1.20574 0.249169 1.60391e+09
0.465145 1.18458 0.249552 1.60391e+09
0.492828 1.12092 0.251385 1.60391e+09
0.502148 1.09964 0.252098 1.60391e+09
0.51151 1.07842 0.252714 1.60391e+09
0.52084 1.05719 0.253501 1.60391e+09
0.530179 1.03604 0.254249 1.60391e+09
0.539476 1.01486 0.254983 1.60391e+09
0.548666 0.993803 0.255898 1.60391e+09
0.557828 0.972751 0.256716 1.60391e+09
0.566825 0.951811 0.25783 1.60391e+09
0.57577 0.930942 0.258848 1.60391e+09
0.584625 0.910192 0.259872 1.60391e+09
0.593377 0.889555 0.260868 1.60391e+09
0.602056 0.869038 0.261757 1.60391e+09
0.610681 0.848629 0.262574 1.60391e+09
0.619228 0.828397 0.263459 1.60391e+09
0.627736 0.808306 0.26432 1.60391e+09
0.636169 0.788397 0.265301 1.60391e+09
0.644552 0.768682 0.266357 1.60391e+09
0.652876 0.749137 0.267496 1.60391e+09
0.66116 0.729812 0.268734 1.60391e+09
0.669381 0.710691 0.270094 1.60391e+09
0.677545 0.691825 0.271503 1.60391e+09
0.685575 0.673209 0.273087 1.60391e+09
0.693538 0.654822 0.274607 1.60391e+09
0.701398 0.636704 0.276148 1.60391e+09
0.709116 0.618893 0.277792 1.60391e+09
0.716736 0.601284 0.279293 1.60391e+09
0.724152 0.58394 0.280863 1.60391e+09
0.731442 0.566902 0.282388 1.60391e+09
0.73856 0.550024 0.283778 1.60391e+09
0.745528 0.533551 0.28513 1.60391e+09
0.752401 0.517196 0.286213 1.60391e+09
0.759074 0.501148 0.287307 1.60391e+09
0.765647 0.485355 0.288205 1.60391e+09
0.772124 0.469731 0.28891 1.60391e+09
0.778452 0.454468 0.289566 1.60391e+09
0.784597 0.439452 0.290214 1.60391e+09
0.790699 0.42471 0.290716 1.60391e+09
0.796835 0.410182 0.29092 1.60391e+09
0.802833 0.396088 0.291273 1.60391e+09
0.808547 0.382191 0.291671 1.60391e+09
0.814295 0.368711 0.291934 1.60391e+09
0.819868 0.355544 0.292361 1.60391e+09
0.825359 0.342704 0.292689 1.60391e+09
0.830734 0.33025 0.293068 1.60391e+09
0.835844 0.318187 0.293594 1.60391e+09
0.840849 0.306464 0.293986 1.60391e+09
0.845773 0.295108 0.294068 1.60391e+09
0.850507 0.284148 0.294246 1.60391e+09
0.855052 0.273509 0.294237 1.60391e+09
0.859477 0.263143 0.293973 1.60391e+09
0.863748 0.253086 0.293526 1.60391e+09
0.867883 0.243382 0.292859 1.60391e+09
0.871836 0.234061 0.292234 1.60391e+09
0.87566 0.224997 0.291477 1.60391e+09
0.87931 0.216403 0.2911 1.60391e+09
0.882805 0.208211 0.290619 1.60391e+09
0.895574 0.179393 0.29034 1.60391e+09
0.904097 0.162123 0.291074 1.60391e+09
0.91388 0.144413 0.291248 1.60391e+09
0.915996 0.140866 0.291023 1.60391e+09
0.917963 0.137653 0.290636 1.60391e+09
0.91981 0.134831 0.29004 1.60391e+09
0.921526 0.132373 0.289391 1.60391e+09
0.923013 0.130269 0.288805 1.60391e+09
0.924482 0.128545 0.287944 1.60391e+09
0.925806 0.127185 0.287185 1.60391e+09
0.927004 0.126213 0.286532 1.60391e+09
0.92816 0.125634 0.28591 1.60391e+09
0.929204 0.125426 0.285516 1.60391e+09
0.934038 0.130236 0.284946 1.60391e+09
0.936801 0.141476 0.285948 1.60391e+09
0.937196 0.145347 0.286417 1.60391e+09
0.937482 0.149625 0.286973 1.60391e+09
0.937647 0.154314 0.287573 1.60391e+09
0.937698 0.159387 0.288262 1.60391e+09
0.937677 0.164831 0.288958 1.60391e+09
0.937454 0.176685 0.290398 1.60391e+09
0.93732 0.182988 0.291011 1.60391e+09
0.93715 0.189604 0.291561 1.60391e+09
0.936963 0.196504 0.292045 1.60391e+09
0.936492 0.218866 0.292914 1.60391e+09
0.936326 0.226951 0.29332 1.60391e+09
0.936207 0.235365 0.293625 1.60391e+09
0.936055 0.244167 0.294071 1.60391e+09
0.935922 0.253324 0.294459 1.60391e+09
0.935765 0.262831 0.294868 1.60391e+09
0.935579 0.272664 0.295153 1.60391e+09
0.93538 0.282815 0.29536 1.60391e+09
0.935068 0.293253 0.295645 1.60391e+09
0.934814 0.303999 0.295528 1.60391e+09
0.934481 0.314982 0.295253 1.60391e+09
0.934064 0.326194 0.295058 1.60391e+09
0.933731 0.337616 0.294242 1.60391e+09
0.933294 0.349236 0.293466 1.60391e+09
0.932792 0.36113 0.292466 1.60391e+09
0.932372 0.373089 0.291127 1.60391e+09
0.931826 0.385246 0.28998 1.60391e+09
0.931354 0.397619 0.288419 1.60391e+09
0.930839 0.410163 0.286927 1.60391e+09
0.930335 0.422907 0.285364 1.60391e+09
0.929335 0.449212 0.282376 1.60391e+09
0.928971 0.462758 0.280773 1.60391e+09
0.928557 0.476638 0.27944 1.60391e+09
0.928242 0.490814 0.278051 1.60391e+09
0.927942 0.505243 0.27685 1.60391e+09
0.927698 0.519999 0.275542 1.60391e+09
0.927531 0.534996 0.274018 1.60391e+09
0.927389 0.550147 0.272507 1.60391e+09
0.927276 0.56564 0.270695 1.60391e+09
0.927112 0.581284 0.269074 1.60391e+09
0.927041 0.597147 0.267059 1.60391e+09
0.926876 0.61321 0.265271 1.60391e+09
0.926739 0.629458 0.263375 1.60391e+09
0.926573 0.645844 0.261481 1.60391e+09
0.926292 0.66248 0.259836 1.60391e+09
0.926125 0.679159 0.257946 1.60391e+09
0.925869 0.696054 0.256309 1.60391e+09
0.925562 0.713001 0.254731 1.60391e+09
0.925215 0.730161 0.253481 1.60391e+09
0.924995 0.747524 0.251934 1.60391e+09
0.924688 0.765005 0.250807 1.60391e+09
0.924491 0.782774 0.249546 1.60391e+09
0.924298 0.800546 0.24855 1.60391e+09
0.924215 0.81851 0.247408 1.60391e+09
0.924167 0.836702 0.24645 1.60391e+09
0.924161 0.854966 0.245601 1.60391e+09
0.924202 0.873424 0.244731 1.60391e+09
0.925635 1.00517 0.234208 1.60391e+09
0.92537 1.17687 0.219465 1.60391e+09
0.925395 1.21518 0.216777 1.60391e+09
0.926609 1.31048 0.213865 1.60391e+09
0.926971 1.32931 0.213996 1.60391e+09
0.927351 1.34811 0.214311 1.60391e+09
0.927681 1.36669 0.214895 1.60391e+09
0.927982 1.3852 0.215657 1.60391e+09
0.9282 1.4035 0.216612 1.60391e+09
0.928443 1.43965 0.218982 1.60391e+09
0.928464 1.4575 0.220385 1.60391e+09
0.928382 1.47514 0.222059 1.60391e+09
0.928254 1.49261 0.22382 1.60391e+09
0.928096 1.5099 0.225761 1.60391e+09
0.927948 1.52706 0.227805 1.60391e+09
0.927812 1.544 0.229893 1.60391e+09
0.927741 1.56085 0.231867 1.60391e+09
0.927653 1.57751 0.233975 1.60391e+09
0.927677 1.59401 0.235906 1.60391e+09
0.927755 1.61036 0.237822 1.60391e+09
0.92786 1.62652 0.2398 1.60391e+09
0.928094 1.64251 0.241614 1.60391e+09
0.928337 1.65831 0.243439 1.60391e+09
0.928612 1.67389 0.245244 1.60391e+09
0.928924 1.6893 0.246991 1.60391e+09
0.929246 1.70453 0.248555 1.60391e+09
0.929509 1.71956 0.25011 1.60391e+09
0.929768 1.73442 0.251425 1.60391e+09
0.92999 1.74907 0.252554 1.60391e+09
0.930186 1.7635 0.253582 1.60391e+09
0.930333 1.7777 0.254444 1.60391e+09
0.930425 1.79164 0.255246 1.60391e+09
0.930505 1.80533 0.255802 1.60391e+09
0.930524 1.81877 0.256427 1.60391e+09
0.930548 1.83197 0.256835 1.60391e+09
0.930563 1.84493 0.257077 1.60391e+09
0.930695 1.87013 0.257131 1.60391e+09
0.930827 1.88236 0.25702 1.60391e+09
0.931025 1.89435 0.256828 1.60391e+09
0.931691 1.91754 0.25628 1.60391e+09
0.932185 1.92872 0.255931 1.60391e+09
0.934144 1.96059 0.254865 1.60391e+09
0.936784 1.98976 0.254021 1.60391e+09
0.937805 1.99881 0.253967 1.60391e+09
0.944617 2.04542 0.257327 1.60391e+09
0.958003 2.0844 0.265874 1.60391e+09
0.963426 2.09267 0.268756 1.60391e+09
1.00498 2.11691 0.282954 1.60391e+09
1.02531 2.11763 0.286291 1.60391e+09
1.05618 2.11318 0.288461 1.60391e+09
1.06319 2.11159 0.288431 1.60391e+09
1.07037 2.10981 0.288503 1.60391e+09
1.07787 2.10779 0.288281 1.60391e+09
1.0935 2.10307 0.287414 1.60391e+09
1.1017 2.10044 0.286809 1.60391e+09
1.11004 2.09758 0.286251 1.60391e+09
1.11869 2.09437 0.285486 1.60391e+09
1.12746 2.09108 0.284844 1.60391e+09
1.13649 2.08749 0.284126 1.60391e+09
1.14575 2.08382 0.283339 1.60391e+09
1.15521 2.07993 0.282774 1.60391e+09
1.16494 2.07586 0.282128 1.60391e+09
1.17491 2.07157 0.281527 1.60391e+09
1.1852 2.06713 0.280779 1.60391e+09
1.19571 2.06252 0.280257 1.60391e+09
1.20656 2.05774 0.279583 1.60391e+09
1.22914 2.04765 0.278197 1.60391e+09
1.24083 2.04242 0.277489 1.60391e+09
1.26508 2.03139 0.275688 1.60391e+09
1.27757 2.02569 0.274619 1.60391e+09
1.29032 2.01993 0.273337 1.60391e+09
1.30321 2.01392 0.27204 1.60391e+09
1.31638 2.00792 0.270595 1.60391e+09
1.32968 2.00178 0.26925 1.60391e+09
1.35676 1.98896 0.266641 1.60391e+09
1.37062 1.98259 0.265316 1.60391e+09
1.38455 1.97608 0.26418 1.60391e+09
1.53198 1.90843 0.251464 1.60391e+09
1.56304 1.89424 0.248376 1.60391e+09
1.59443 1.87992 0.24563 1.60391e+09
1.65771 1.85114 0.240637 1.60391e+09
1.73594 1.81631 0.236392 1.60391e+09
1.78178 1.79643 0.236478 1.60391e+09
1.84152 1.77077 0.238566 1.60391e+09
1.87056 1.75815 0.240386 1.60391e+09
1.89882 1.74567 0.242769 1.60391e+09
1.92613 1.73341 0.245512 1.60391e+09
1.93944 1.72744 0.247061 1.60391e+09
2.08173 1.65978 0.272525 1.60391e+09
2.12008 1.6365 0.283848 1.60391e+09
2.14379 1.61869 0.290655 1.60391e+09
2.14864 1.61442 0.292052 1.60391e+09
2.15302 1.61024 0.293398 1.60391e+09
2.15688 1.60613 0.294764 1.60391e+09
2.16027 1.60202 0.296057 1.60391e+09
2.16316 1.5981 0.297377 1.60391e+09
2.16555 1.59426 0.298698 1.60391e+09
2.16894 1.58671 0.301144 1.60391e+09
2.16986 1.58289 0.302439 1.60391e+09
2.16532 1.55958 0.309793 1.60391e+09
2.16013 1.55158 0.311594 1.60391e+09
2.15688 1.54755 0.312275 1.60391e+09
2.15323 1.54355 0.312762 1.60391e+09
2.14923 1.53954 0.312883 1.60391e+09
2.14476 1.5356 0.313008 1.60391e+09
2.13994 1.5317 0.31281 1.60391e+09
2.13453 1.52786 0.312783 1.60391e+09
2.12868 1.52408 0.312723 1.60391e+09
2.1223 1.52038 0.31283 1.60391e+09
2.11543 1.5167 0.312998 1.60391e+09
2.10809 1.51303 0.313278 1.60391e+09
2.10035 1.50936 0.313486 1.60391e+09
2.09221 1.50563 0.313663 1.60391e+09
2.08373 1.50187 0.313666 1.60391e+09
2.07494 1.49814 0.313411 1.60391e+09
2.06579 1.49424 0.313013 1.60391e+09
2.05626 1.49024 0.312536 1.60391e+09
2.04634 1.48616 0.312008 1.60391e+09
2.03613 1.48196 0.311243 1.60391e+09
1.99221 1.46469 0.306504 1.60391e+09
1.98057 1.46033 0.30481 1.60391e+09
1.96868 1.45598 0.302861 1.60391e+09
1.95658 1.45171 0.300694 1.60391e+09
1.93173 1.4433 0.295776 1.60391e+09
1.91896 1.43918 0.293083 1.60391e+09
1.8928 1.43113 0.287379 1.60391e+09
1.87937 1.42715 0.284406 1.60391e+09
1.86574 1.4232 0.281327 1.60391e+09
1.85193 1.41923 0.278163 1.60391e+09
1.83785 1.4152 0.275129 1.60391e+09
1.8236 1.41111 0.27202 1.60391e+09
1.8091 1.4069 0.269061 1.60391e+09
1.79441 1.4026 0.266267 1.60391e+09
1.77954 1.39817 0.263736 1.60391e+09
1.76449 1.39361 0.261381 1.60391e+09
1.74931 1.38899 0.25926 1.60391e+09
1.73404 1.38429 0.257203 1.60391e+09
1.70324 1.37488 0.25345 1.60391e+09
1.68777 1.37018 0.251692 1.60391e+09
1.67227 1.36552 0.250051 1.60391e+09
1.65675 1.36094 0.248541 1.60391e+09
1.59432 1.34321 0.245059 1.60391e+09
1.56295 1.33454 0.244653 1.60391e+09
1.54723 1.33016 0.244802 1.60391e+09
1.53154 1.3257 0.245121 1.60391e+09
1.51587 1.32114 0.245706 1.60391e+09
1.50023 1.31652 0.246469 1.60391e+09
1.48476 1.3118 0.247392 1.60391e+09
1.46939 1.30704 0.24856 1.60391e+09
1.45417 1.30222 0.249932 1.60391e+09
1.43913 1.29739 0.251368 1.60391e+09
1.42428 1.29251 0.252866 1.60391e+09
1.40962 1.28765 0.254446 1.60391e+09
1.39515 1.28282 0.256131 1.60391e+09
1.3809 1.27804 0.257877 1.60391e+09
1.36688 1.2733 0.259684 1.60391e+09
1.35297 1.26863 0.261638 1.60391e+09
1.32592 1.25931 0.26586 1.60391e+09
1.31264 1.25468 0.268266 1.60391e+09
1.28672 1.24534 0.273104 1.60391e+09
1.27403 1.24061 0.275551 1.60391e+09
1.26155 1.23581 0.277989 1.60391e+09
1.24929 1.23098 0.280497 1.60391e+09
1.23728 1.22607 0.283095 1.60391e+09
1.2255 1.22107 0.285811 1.60391e+09
1.18138 1.2005 0.295741 1.60391e+09
1.17101 1.19537 0.297707 1.60391e+09
1.16088 1.19025 0.29938 1.60391e+09
1.15094 1.18515 0.300794 1.60391e+09
1.14134 1.18008 0.301692 1.60391e+09
1.12288 1.17002 0.303201 1.60391e+09
1.11416 1.16501 0.303684 1.60391e+09
1.10572 1.16006 0.304206 1.60391e+09
1.09753 1.15511 0.304787 1.60391e+09
1.08962 1.15014 0.305509 1.60391e+09
1.08202 1.14517 0.306244 1.60391e+09
1.0678 1.135 0.30767 1.60391e+09
1.06119 1.12982 0.30861 1.60391e+09
1.0549 1.12453 0.309673 1.60391e+09
1.04903 1.11918 0.310695 1.60391e+09
1.04356 1.11373 0.311773 1.60391e+09
1.03375 1.10263 0.313786 1.60391e+09
1.01858 1.08017 0.316018 1.60391e+09
1.01568 1.07455 0.31633 1.60391e+09
1.01314 1.06895 0.31654 1.60391e+09
1.01094 1.06335 0.316719 1.60391e+09
1.00903 1.05776 0.317057 1.60391e+09
1.00745 1.05221 0.317301 1.60391e+09
1.00611 1.04664 0.317657 1.60391e+09
1.00429 1.03547 0.318084 1.60391e+09
1.00411 1.01261 0.318553 1.60391e+09
1.00481 1.00674 0.318562 1.60391e+09
1.00583 1.00086 0.31852 1.60391e+09
1.00876 0.988856 0.317533 1.60391e+09
1.01838 0.964392 0.312636 1.60391e+09
1.02147 0.958184 0.310908 1.60391e+09
1.02482 0.951976 0.308851 1.60391e+09
1.02846 0.945677 0.30674 1.60391e+09
1.03229 0.939353 0.304706 1.60391e+09
1.03642 0.932975 0.302518 1.60391e+09
1.04072 0.926566 0.300379 1.60391e+09
1.04531 0.920096 0.298432 1.60391e+09
1.05012 0.91356 0.296713 1.60391e+09
1.05515 0.907 0.295041 1.60391e+09
1.06044 0.900364 0.293538 1.60391e+09
1.06591 0.893706 0.292219 1.60391e+09
1.07163 0.886989 0.290978 1.60391e+09
1.07762 0.880198 0.289729 1.60391e+09
1.08386 0.873342 0.288573 1.60391e+09
1.09041 0.866415 0.287279 1.60391e+09
1.09719 0.859447 0.286138 1.60391e+09
1.10428 0.852418 0.284887 1.60391e+09
1.11164 0.845307 0.283661 1.60391e+09
1.11929 0.838115 0.282349 1.60391e+09
1.12717 0.830806 0.281173 1.60391e+09
1.13527 0.823381 0.280046 1.60391e+09
1.14358 0.815857 0.278952 1.60391e+09
1.15206 0.808215 0.277959 1.60391e+09
1.16069 0.800477 0.277075 1.60391e+09
1.16943 0.792621 0.276244 1.60391e+09
1.17828 0.784676 0.275502 1.60391e+09
1.18723 0.776626 0.27496 1.60391e+09
1.19628 0.76853 0.274364 1.60391e+09
1.20538 0.76034 0.274024 1.60391e+09
1.21461 0.752102 0.273706 1.60391e+09
1.22394 0.743806 0.273414 1.60391e+09
1.23336 0.735442 0.273136 1.60391e+09
1.24291 0.727037 0.272801 1.60391e+09
1.26236 0.710085 0.271933 1.60391e+09
1.27228 0.701523 0.271427 1.60391e+09
1.28231 0.692877 0.270887 1.60391e+09
1.32354 0.657344 0.268433 1.60391e+09
1.334 0.648185 0.267755 1.60391e+09
1.34454 0.638951 0.266873 1.60391e+09
1.35499 0.629561 0.266121 1.60391e+09
1.36546 0.620117 0.265181 1.60391e+09
1.3759 0.610541 0.264237 1.60391e+09
1.3863 0.600873 0.263283 1.60391e+09
1.39665 0.591115 0.262343 1.60391e+09
1.40696 0.581295 0.26144 1.60391e+09
1.41723 0.571409 0.260529 1.60391e+09
1.42749 0.561479 0.259595 1.60391e+09
1.43771 0.551531 0.258616 1.60391e+09
1.44793 0.541552 0.257602 1.60391e+09
1.45816 0.531564 0.25647 1.60391e+09
1.46839 0.521581 0.255241 1.60391e+09
1.47864 0.511567 0.253937 1.60391e+09
1.48891 0.501538 0.252601 1.60391e+09
1.50944 0.48139 0.249945 1.60391e+09
1.51972 0.47127 0.248592 1.60391e+09
1.52992 0.461098 0.247337 1.60391e+09
1.54007 0.450872 0.246096 1.60391e+09
1.55016 0.440584 0.244785 1.60391e+09
1.56017 0.430259 0.243455 1.60391e+09
1.57004 0.419916 0.242248 1.60391e+09
1.5798 0.409513 0.241036 1.60391e+09
1.58941 0.399106 0.240053 1.60391e+09
1.59884 0.388685 0.23922 1.60391e+09
1.60815 0.37828 0.238451 1.60391e+09
1.61732 0.367943 0.237821 1.60391e+09
1.62639 0.357674 0.237278 1.60391e+09
1.64421 0.337414 0.236507 1.60391e+09
1.67038 0.307822 0.235965 1.60391e+09
1.67891 0.298182 0.236115 1.60391e+09
1.72027 0.251252 0.238587 1.60391e+09
1.751 0.215073 0.242448 1.60391e+09
1.75825 0.206247 0.243722 1.60391e+09
1.77241 0.189018 0.246353 1.60391e+09
1.77926 0.180629 0.247677 1.60391e+09
1.78602 0.172419 0.248922 1.60391e+09
1.79271 0.164372 0.249945 1.60391e+09
1.79931 0.156498 0.250791 1.60391e+09
1.80585 0.148814 0.251449 1.60391e+09
1.81229 0.141314 0.251987 1.60391e+09
1.81867 0.134015 0.252367 1.60391e+09
1.82495 0.12692 0.252668 1.60391e+09
1.83114 0.120005 0.252875 1.60391e+09
1.83726 0.113211 0.252927 1.60391e+09
1.84328 0.106584 0.252903 1.60391e+09
1.84921 0.100112 0.252726 1.60391e+09
1.85504 0.0937366 0.252316 1.60391e+09
1.86074 0.0874816 0.251796 1.60391e+09
1.86638 0.0813125 0.250984 1.60391e+09
1.87193 0.0752401 0.250002 1.60391e+09
1.88278 0.0634181 0.247611 1.60391e+09
1.88803 0.0577062 0.246427 1.60391e+09
1.89321 0.0521198 0.245148 1.60391e+09
1.89829 0.0467332 0.243825 1.60391e+09
1.9033 0.0415437 0.242523 1.60391e+09
1.90822 0.0365787 0.241188 1.60391e+09
1.9131 0.0318422 0.239847 1.60391e+09
1.91792 0.0273472 0.238449 1.60391e+09
1.92741 0.0191104 0.235601 1.60391e+09
1.93205 0.0153661 0.2342 1.60391e+09
1.93664 0.0118356 0.232811 1.60391e+09
1.9412 0.00850797 0.23139 1.60391e+09
1.94568 0.00538652 0.230039 1.60391e+09
1.95008 0.00241032 0.228762 1.60391e+09
1.95865 -0.00311682 0.226335 1.60391e+09
1.96281 -0.00568995 0.225337 1.60391e+09
1.96688 -0.00812631 0.224471 1.60391e+09
1.97088 -0.0104249 0.223833 1.60391e+09
1.97489 -0.0126031 0.223327 1.60391e+09
1.97882 -0.0146133 0.223034 1.60391e+09
1.98277 -0.0164716 0.22278 1.60391e+09
1.98671 -0.0181415 0.222615 1.60391e+09
1.9907 -0.0196327 0.222398 1.60391e+09
1.99473 -0.0209416 0.222065 1.60391e+09
2.00285 -0.0230543 0.221222 1.60391e+09
2.00696 -0.0238559 0.220586 1.60391e+09
2.01108 -0.0245145 0.219807 1.60391e+09
2.0152 -0.0250303 0.21894 1.60391e+09
2.02346 -0.0257314 0.216807 1.60391e+09
2.02758 -0.0259371 0.215597 1.60391e+09
2.03167 -0.0260732 0.214304 1.60391e+09
2.03987 -0.0261894 0.21135 1.60391e+09
2.04396 -0.0262159 0.209693 1.60391e+09
2.04807 -0.0262246 0.208031 1.60391e+09
2.05222 -0.0261468 0.206371 1.60391e+09
2.0607 -0.0259227 0.202945 1.60391e+09
2.06509 -0.0257102 0.20124 1.60391e+09
2.07898 -0.0244648 0.196492 1.60391e+09
2.0839 -0.0238069 0.195002 1.60391e+09
2.09406 -0.0221269 0.192273 1.60391e+09
2.09936 -0.0211197 0.191045 1.60391e+09
2.10478 -0.0200071 0.189865 1.60391e+09
2.12143 -0.0164651 0.187862 1.60391e+09
2.12709 -0.0152142 0.187653 1.60391e+09
2.13879 -0.0127543 0.186966 1.60391e+09
2.14483 -0.0115417 0.186617 1.60391e+09
2.151 -0.0103005 0.186099 1.60391e+09
2.15716 -0.00910037 0.185863 1.60391e+09
2.16353 -0.00787443 0.185472 1.60391e+09
2.17005 -0.0066309 0.185131 1.60391e+09
2.17673 -0.00535585 0.184812 1.60391e+09
2.1836 -0.00409654 0.184516 1.60391e+09
2.19062 -0.00272643 0.184252 1.60391e+09
2.19782 -0.00131431 0.183953 1.60391e+09
2.20523 0.000269906 0.183615 1.60391e+09
2.22048 0.00360283 0.182998 1.60391e+09
2.22836 0.00539589 0.182683 1.60391e+09
2.23641 0.00723293 0.182438 1.60391e+09
2.24462 0.00908436 0.182293 1.60391e+09
2.25298 0.0109394 0.182261 1.60391e+09
2.26148 0.0127874 0.182381 1.60391e+09
2.27014 0.014591 0.18263 1.60391e+09
2.27893 0.0163223 0.182987 1.60391e+09
2.28787 0.0179934 0.183549 1.60391e+09
2.29699 0.019633 0.18414 1.60391e+09
2.30622 0.0212216 0.184978 1.60391e+09
2.31567 0.0227734 0.18583 1.60391e+09
2.32526 0.0243094 0.186914 1.60391e+09
2.33503 0.0258301 0.188171 1.60391e+09
2.34501 0.027315 0.189569 1.60391e+09
2.35521 0.0288484 0.191094 1.60391e+09
2.36561 0.0304612 0.192766 1.60391e+09
2.37617 0.0320926 0.194556 1.60391e+09
2.38691 0.033794 0.196294 1.60391e+09
2.39786 0.0355441 0.197954 1.60391e+09
2.40891 0.0373227 0.199625 1.60391e+09
2.42015 0.0391428 0.201159 1.60391e+09
2.43138 0.0409481 0.202829 1.60391e+09
2.44281 0.0427346 0.204248 1.60391e+09
2.45428 0.0444833 0.20574 1.60391e+09
2.46586 0.0461654 0.206987 1.60391e+09
2.47751 0.0478256 0.208131 1.60391e+09
2.48925 0.0493885 0.20915 1.60391e+09
2.50099 0.050917 0.210078 1.60391e+09
2.51291 0.0524119 0.210691 1.60391e+09
2.52485 0.0538364 0.211265 1.60391e+09
2.53681 0.0552672 0.211804 1.60391e+09
2.54883 0.0566295 0.212213 1.60391e+09
2.56101 0.0580213 0.212409 1.60391e+09
2.57322 0.0594547 0.212578 1.60391e+09
2.58546 0.0608371 0.212778 1.60391e+09
2.59785 0.0622822 0.21275 1.60391e+09
2.61034 0.0637928 0.212613 1.60391e+09
2.62284 0.0653551 0.212491 1.60391e+09
2.63549 0.0669638 0.212122 1.60391e+09
2.64816 0.0686087 0.21176 1.60391e+09
2.6609 0.0702939 0.211308 1.60391e+09
2.67366 0.0720081 0.210822 1.60391e+09
2.68646 0.0737027 0.210359 1.60391e+09
2.6993 0.0753725 0.209968 1.60391e+09
2.71213 0.0770211 0.209751 1.60391e+09
2.72501 0.0786609 0.20958 1.60391e+09
2.73775 0.0802368 0.209781 1.60391e+09
2.75051 0.0818007 0.209997 1.60391e+09
2.76327 0.0833455 0.210349 1.60391e+09
2.77593 0.0848531 0.210931 1.60391e+09
2.78858 0.0863739 0.211595 1.60391e+09
2.80115 0.0879244 0.212459 1.60391e+09
2.81366 0.0895015 0.213458 1.60391e+09
2.82615 0.0911321 0.214526 1.60391e+09
2.83857 0.0928457 0.215781 1.60391e+09
2.85096 0.0946284 0.217048 1.60391e+09
2.86322 0.0965078 0.218446 1.60391e+09
2.87544 0.0984665 0.220003 1.60391e+09
2.88758 0.100529 0.221548 1.60391e+09
2.89966 0.102624 0.223194 1.60391e+09
2.91163 0.104815 0.224894 1.60391e+09
2.92344 0.107017 0.226693 1.60391e+09
2.93519 0.109234 0.22851 1.60391e+09
2.94679 0.111474 0.230398 1.60391e+09
2.95827 0.113701 0.232315 1.60391e+09
2.96961 0.115885 0.234275 1.60391e+09
2.98078 0.118128 0.236262 1.60391e+09
2.99182 0.120361 0.238183 1.60391e+09
3.02369 0.127283 0.244499 1.60391e+09
3.03389 0.129755 0.246703 1.60391e+09
3.04394 0.132283 0.248862 1.60391e+09
3.0537 0.134961 0.251222 1.60391e+09
3.07267 0.14072 0.255963 1.60391e+09
3.08184 0.143785 0.258416 1.60391e+09
3.0908 0.147025 0.260926 1.60391e+09
3.09956 0.150314 0.263455 1.60391e+09
3.10817 0.153723 0.265873 1.60391e+09
3.1165 0.157203 0.268437 1.60391e+09
3.12462 0.160767 0.270947 1.60391e+09
3.13259 0.164341 0.27332 1.60391e+09
3.14038 0.167976 0.27554 1.60391e+09
3.14782 0.171651 0.277895 1.60391e+09
3.15512 0.175386 0.280008 1.60391e+09
3.16903 0.18297 0.283827 1.60391e+09
3.17559 0.186881 0.285533 1.60391e+09
3.18196 0.190907 0.286923 1.60391e+09
3.188 0.194946 0.288248 1.60391e+09
3.19382 0.199177 0.289363 1.60391e+09
3.1993 0.203452 0.290246 1.60391e+09
3.20466 0.207995 0.290875 1.60391e+09
3.20978 0.212608 0.291177 1.60391e+09
3.21464 0.21733 0.291322 1.60391e+09
3.21935 0.22227 0.291054 1.60391e+09
3.22379 0.227323 0.290697 1.60391e+09
3.22803 0.23255 0.290049 1.60391e+09
3.23197 0.237896 0.289446 1.60391e+09
3.23573 0.243369 0.288624 1.60391e+09
3.23926 0.24897 0.287699 1.60391e+09
3.24271 0.254684 0.286518 1.60391e+09
3.24564 0.2605 0.285636 1.60391e+09
3.25119 0.272451 0.282898 1.60391e+09
3.25355 0.278525 0.281518 1.60391e+09
3.25558 0.284794 0.280117 1.60391e+09
3.26069 0.311011 0.274354 1.60391e+09
3.26117 0.318 0.272693 1.60391e+09
3.26136 0.325134 0.270965 1.60391e+09
3.26123 0.332466 0.269143 1.60391e+09
3.26008 0.34757 0.265322 1.60391e+09
3.2591 0.355395 0.263291 1.60391e+09
3.25784 0.363401 0.261289 1.60391e+09
3.25634 0.371591 0.259255 1.60391e+09
3.25458 0.379912 0.257291 1.60391e+09
3.2526 0.388386 0.255373 1.60391e+09
3.25042 0.396971 0.253422 1.60391e+09
3.24806 0.405688 0.251471 1.60391e+09
3.24547 0.414523 0.249598 1.60391e+09
3.24266 0.423442 0.247794 1.60391e+09
3.23957 0.432474 0.246078 1.60391e+09
3.23295 0.450784 0.242828 1.60391e+09
3.22921 0.460068 0.241222 1.60391e+09
3.19622 0.529228 0.230895 1.60391e+09
3.1848 0.55 0.228399 1.60391e+09
3.14069 0.624269 0.221421 1.60391e+09
3.09171 0.699745 0.215838 1.60391e+09
3.08419 0.710591 0.215127 1.60391e+09
3.07654 0.721413 0.214343 1.60391e+09
3.06884 0.732249 0.213611 1.60391e+09
3.06099 0.743062 0.212936 1.60391e+09
3.05309 0.753912 0.212378 1.60391e+09
3.03715 0.775183 0.211227 1.60391e+09
3.02892 0.785745 0.211177 1.60391e+09
3.0209 0.79622 0.211 1.60391e+09
3.01276 0.806494 0.211025 1.60391e+09
3.00478 0.816844 0.211078 1.60391e+09
2.99652 0.826925 0.211557 1.60391e+09
2.98854 0.837019 0.211808 1.60391e+09
2.98039 0.846977 0.212402 1.60391e+09
2.97227 0.856892 0.212925 1.60391e+09
2.96406 0.866695 0.213477 1.60391e+09
2.95585 0.876451 0.213963 1.60391e+09
2.9476 0.886131 0.214462 1.60391e+09
2.93923 0.895687 0.215095 1.60391e+09
2.93088 0.90525 0.215538 1.60391e+09
2.92249 0.914718 0.215871 1.60391e+09
2.91403 0.924098 0.216103 1.60391e+09
2.90557 0.933377 0.21622 1.60391e+09
2.8971 0.942598 0.216214 1.60391e+09
2.88859 0.951696 0.21618 1.60391e+09
2.88008 0.960728 0.216059 1.60391e+09
2.87153 0.969536 0.215863 1.60391e+09
2.86301 0.978322 0.215561 1.60391e+09
2.85453 0.986932 0.215115 1.60391e+09
2.84613 0.995421 0.214404 1.60391e+09
2.83772 1.00383 0.213705 1.60391e+09
2.82929 1.01206 0.213001 1.60391e+09
2.82092 1.0202 0.212089 1.60391e+09
2.81253 1.02826 0.211129 1.60391e+09
2.80417 1.03618 0.210043 1.60391e+09
2.77917 1.05951 0.206598 1.60391e+09
2.77086 1.06716 0.205415 1.60391e+09
2.76249 1.07476 0.204268 1.60391e+09
2.75425 1.0823 0.203028 1.60391e+09
2.73772 1.09723 0.200497 1.60391e+09
2.72131 1.11193 0.197942 1.60391e+09
2.7132 1.1192 0.196702 1.60391e+09
2.70505 1.1263 0.195557 1.60391e+09
2.69702 1.13328 0.194381 1.60391e+09
2.68908 1.14032 0.193314 1.60391e+09
2.68117 1.14717 0.192237 1.60391e+09
2.67329 1.15389 0.191149 1.60391e+09
2.66552 1.16061 0.190198 1.60391e+09
2.65777 1.16719 0.189276 1.60391e+09
2.65008 1.17368 0.188455 1.60391e+09
2.64242 1.18009 0.187791 1.60391e+09
2.63482 1.18645 0.187249 1.60391e+09
2.59768 1.21774 0.185854 1.60391e+09
2.58336 1.23017 0.186416 1.60391e+09
2.57635 1.23634 0.187075 1.60391e+09
2.56947 1.24253 0.187964 1.60391e+09
2.56274 1.24866 0.188999 1.60391e+09
2.55605 1.25481 0.190296 1.60391e+09
2.54948 1.26097 0.191692 1.60391e+09
2.54299 1.26709 0.193107 1.60391e+09
2.5366 1.27316 0.194472 1.60391e+09
2.53028 1.27923 0.19584 1.60391e+09
2.524 1.28527 0.197141 1.60391e+09
2.5178 1.29125 0.198356 1.60391e+09
2.51165 1.29721 0.1995 1.60391e+09
2.50556 1.30318 0.200563 1.60391e+09
2.49953 1.30912 0.201532 1.60391e+09
2.49356 1.31503 0.202425 1.60391e+09
2.48759 1.32096 0.203265 1.60391e+09
2.48175 1.32689 0.203836 1.60391e+09
2.47596 1.33282 0.204212 1.60391e+09
2.47022 1.3388 0.204481 1.60391e+09
2.45353 1.35682 0.204222 1.60391e+09
2.43781 1.37516 0.202996 1.60391e+09
2.43276 1.38135 0.202502 1.60391e+09
2.42786 1.38752 0.201869 1.60391e+09
2.42299 1.39379 0.201249 1.60391e+09
2.41825 1.4001 0.200576 1.60391e+09
2.41355 1.40643 0.199935 1.60391e+09
2.40891 1.41275 0.199306 1.60391e+09
2.40436 1.41908 0.198765 1.60391e+09
2.39984 1.42545 0.198294 1.60391e+09
2.39541 1.43182 0.197821 1.60391e+09
2.39097 1.43825 0.197567 1.60391e+09
2.3866 1.44464 0.197291 1.60391e+09
2.3824 1.45115 0.196945 1.60391e+09
2.37816 1.45767 0.196881 1.60391e+09
2.37425 1.46418 0.196566 1.60391e+09
2.37029 1.47085 0.196588 1.60391e+09
2.36648 1.47761 0.196716 1.60391e+09
2.36282 1.48443 0.196989 1.60391e+09
2.35928 1.49132 0.197491 1.60391e+09
2.35589 1.4983 0.198125 1.60391e+09
2.35261 1.50533 0.198964 1.60391e+09
2.34945 1.51242 0.199897 1.60391e+09
2.34639 1.51955 0.20097 1.60391e+09
2.34342 1.52673 0.202079 1.60391e+09
2.34055 1.53394 0.203173 1.60391e+09
2.33768 1.54118 0.204395 1.60391e+09
2.33495 1.54838 0.205495 1.60391e+09
2.33228 1.55561 0.206487 1.60391e+09
2.32963 1.56279 0.207509 1.60391e+09
2.32706 1.57001 0.208466 1.60391e+09
2.3246 1.57725 0.209259 1.60391e+09
2.32217 1.58449 0.210154 1.60391e+09
2.31988 1.59176 0.210938 1.60391e+09
2.31767 1.59903 0.211787 1.60391e+09
2.31561 1.60641 0.212608 1.60391e+09
2.31365 1.61377 0.213489 1.60391e+09
2.31184 1.62119 0.214335 1.60391e+09
2.31017 1.62868 0.215187 1.60391e+09
2.30863 1.63624 0.216003 1.60391e+09
2.30724 1.64378 0.216759 1.60391e+09
2.30597 1.65137 0.217479 1.60391e+09
2.30483 1.65899 0.218196 1.60391e+09
2.30386 1.6666 0.218737 1.60391e+09
2.30295 1.67423 0.219425 1.60391e+09
2.30218 1.68183 0.220018 1.60391e+09
2.30153 1.6894 0.220622 1.60391e+09
2.30096 1.69695 0.221235 1.60391e+09
2.30051 1.70441 0.221782 1.60391e+09
2.30014 1.71187 0.222382 1.60391e+09
2.29991 1.71933 0.222962 1.60391e+09
2.29977 1.72667 0.22356 1.60391e+09
2.29977 1.73402 0.224093 1.60391e+09
2.29989 1.7413 0.224679 1.60391e+09
2.30017 1.74858 0.225292 1.60391e+09
2.30062 1.75583 0.225921 1.60391e+09
2.30124 1.76305 0.226673 1.60391e+09
2.30205 1.77029 0.227545 1.60391e+09
2.30305 1.77746 0.228463 1.60391e+09
2.30555 1.79181 0.230416 1.60391e+09
2.31047 1.81314 0.233152 1.60391e+09
2.31238 1.82014 0.233973 1.60391e+09
2.31445 1.82708 0.23477 1.60391e+09
2.31665 1.83394 0.235611 1.60391e+09
2.31902 1.84069 0.236367 1.60391e+09
2.32146 1.84734 0.237269 1.60391e+09
2.32408 1.85389 0.238087 1.60391e+09
2.32682 1.86033 0.238886 1.60391e+09
2.32976 1.86673 0.23956 1.60391e+09
2.33277 1.87302 0.240272 1.60391e+09
2.33598 1.87923 0.240766 1.60391e+09
2.33935 1.88538 0.241187 1.60391e+09
2.34291 1.89144 0.241494 1.60391e+09
2.34664 1.89742 0.2418 1.60391e+09
2.35059 1.90335 0.241969 1.60391e+09
2.35473 1.90918 0.242116 1.60391e+09
2.35907 1.91491 0.242149 1.60391e+09
2.36361 1.92056 0.242129 1.60391e+09
2.36832 1.92612 0.242039 1.60391e+09
2.37323 1.93156 0.241817 1.60391e+09
2.37825 1.93688 0.24155 1.60391e+09
2.38346 1.94207 0.241167 1.60391e+09
2.38882 1.94712 0.240692 1.60391e+09
2.39436 1.95204 0.240151 1.60391e+09
2.40003 1.95682 0.239597 1.60391e+09
2.40588 1.96144 0.238982 1.60391e+09
2.41194 1.9659 0.238284 1.60391e+09
2.4181 1.97025 0.237761 1.60391e+09
2.42451 1.97442 0.237061 1.60391e+09
2.43117 1.97854 0.23634 1.60391e+09
2.4379 1.98239 0.235653 1.60391e+09
2.4597 1.99339 0.233225 1.60391e+09
2.47541 2.0001 0.231732 1.60391e+09
2.48354 2.00312 0.231123 1.60391e+09
2.49201 2.00605 0.230454 1.60391e+09
2.50068 2.00884 0.229878 1.60391e+09
2.50967 2.01152 0.229355 1.60391e+09
2.5187 2.01387 0.228872 1.60391e+09
2.53756 2.01825 0.228103 1.60391e+09
2.54722 2.02007 0.227701 1.60391e+09
2.55719 2.02188 0.227366 1.60391e+09
2.56733 2.02346 0.226938 1.60391e+09
2.57753 2.02476 0.226624 1.60391e+09
2.58808 2.02607 0.226432 1.60391e+09
2.59876 2.02713 0.226261 1.60391e+09
2.60968 2.02804 0.226115 1.60391e+09
2.62073 2.02878 0.226036 1.60391e+09
2.63204 2.02942 0.226153 1.60391e+09
2.64358 2.02991 0.22626 1.60391e+09
2.65523 2.03023 0.226469 1.60391e+09
2.66717 2.03041 0.226605 1.60391e+09
2.67928 2.03047 0.226871 1.60391e+09
2.69153 2.03041 0.227134 1.60391e+09
2.70402 2.03016 0.227411 1.60391e+09
2.71663 2.02978 0.227804 1.60391e+09
2.72939 2.02924 0.228217 1.60391e+09
2.74235 2.02851 0.228679 1.60391e+09
2.75537 2.02766 0.22916 1.60391e+09
2.76853 2.02665 0.229547 1.60391e+09
2.78181 2.02546 0.23003 1.60391e+09
2.79522 2.02424 0.230495 1.60391e+09
2.80873 2.02285 0.230909 1.60391e+09
2.82229 2.02132 0.231318 1.60391e+09
2.83592 2.0197 0.231728 1.60391e+09
2.84964 2.01795 0.232179 1.60391e+09
2.86347 2.01611 0.232607 1.60391e+09
2.87733 2.0142 0.23308 1.60391e+09
2.89134 2.01218 0.233508 1.60391e+09
2.90539 2.01014 0.233862 1.60391e+09
2.91941 2.00794 0.234241 1.60391e+09
2.93356 2.00563 0.234556 1.60391e+09
2.9477 2.00329 0.234801 1.60391e+09
2.9619 2.00088 0.234831 1.60391e+09
2.97612 1.99837 0.234675 1.60391e+09
2.9903 1.99577 0.234325 1.60391e+09
3.00459 1.99305 0.234075 1.60391e+09
3.01881 1.99026 0.233548 1.60391e+09
3.03302 1.98737 0.233136 1.60391e+09
3.06132 1.98133 0.231756 1.60391e+09
3.07556 1.97817 0.230931 1.60391e+09
3.08958 1.97497 0.230177 1.60391e+09
3.10346 1.97164 0.229351 1.60391e+09
3.11737 1.96834 0.228575 1.60391e+09
3.13116 1.96501 0.22792 1.60391e+09
3.14484 1.96164 0.227428 1.60391e+09
3.1584 1.95824 0.227135 1.60391e+09
3.17182 1.95485 0.22704 1.60391e+09
3.18513 1.95143 0.227175 1.60391e+09
3.19837 1.94806 0.227587 1.60391e+09
3.21137 1.9446 0.228092 1.60391e+09
3.2243 1.94116 0.228716 1.60391e+09
3.23704 1.9377 0.229312 1.60391e+09
3.24964 1.93416 0.229969 1.60391e+09
3.2621 1.93058 0.230739 1.60391e+09
3.27442 1.92693 0.231558 1.60391e+09
3.28651 1.92327 0.232314 1.60391e+09
3.29852 1.91954 0.233171 1.60391e+09
3.31028 1.91577 0.233992 1.60391e+09
3.32181 1.91195 0.235068 1.60391e+09
3.33314 1.90815 0.236055 1.60391e+09
3.34425 1.90435 0.237037 1.60391e+09
3.35515 1.90057 0.238105 1.60391e+09
3.36571 1.89679 0.239211 1.60391e+09
3.37611 1.89308 0.240382 1.60391e+09
3.39605 1.88576 0.242748 1.60391e+09
3.40561 1.88217 0.243904 1.60391e+09
3.41497 1.8786 0.245066 1.60391e+09
3.42402 1.87508 0.246166 1.60391e+09
3.43285 1.8716 0.247222 1.60391e+09
3.44141 1.86812 0.248277 1.60391e+09
3.44976 1.86465 0.249318 1.60391e+09
3.4578 1.86118 0.250343 1.60391e+09
3.46559 1.85769 0.251385 1.60391e+09
3.4731 1.85421 0.252432 1.60391e+09
3.48033 1.85066 0.253477 1.60391e+09
3.48729 1.8471 0.254508 1.60391e+09
3.49388 1.8435 0.255505 1.60391e+09
3.50038 1.83995 0.256419 1.60391e+09
3.50654 1.83635 0.257199 1.60391e+09
3.51246 1.83278 0.257792 1.60391e+09
3.51811 1.82922 0.258223 1.60391e+09
3.52347 1.8257 0.258515 1.60391e+09
3.52853 1.82216 0.258767 1.60391e+09
3.53326 1.8187 0.258967 1.60391e+09
3.53768 1.81524 0.259126 1.60391e+09
3.54175 1.81183 0.259264 1.60391e+09
3.54552 1.80845 0.259393 1.60391e+09
3.54895 1.80505 0.259474 1.60391e+09
3.5521 1.80169 0.259487 1.60391e+09
3.55495 1.79829 0.259412 1.60391e+09
3.55748 1.79488 0.259321 1.60391e+09
3.55972 1.79142 0.25922 1.60391e+09
3.56168 1.78789 0.259147 1.60391e+09
3.56334 1.78432 0.259068 1.60391e+09
3.56471 1.78069 0.259093 1.60391e+09
3.56578 1.77704 0.25918 1.60391e+09
3.56656 1.77326 0.259276 1.60391e+09
3.56706 1.76945 0.259415 1.60391e+09
3.56731 1.7657 0.259493 1.60391e+09
3.56722 1.76181 0.259743 1.60391e+09
3.56687 1.75796 0.260002 1.60391e+09
3.56621 1.75406 0.260357 1.60391e+09
3.56524 1.75014 0.260783 1.60391e+09
3.56396 1.74614 0.261303 1.60391e+09
3.55849 1.73396 0.262784 1.60391e+09
3.55618 1.7297 0.263205 1.60391e+09
3.55367 1.72541 0.26338 1.60391e+09
3.55095 1.72102 0.263419 1.60391e+09
3.54804 1.7165 0.263345 1.60391e+09
3.5449 1.71189 0.263063 1.60391e+09
3.54168 1.70721 0.26262 1.60391e+09
3.53827 1.7024 0.26198 1.60391e+09
3.53471 1.69744 0.261099 1.60391e+09
3.53098 1.69241 0.259998 1.60391e+09
3.52721 1.68726 0.258682 1.60391e+09
3.51917 1.6767 0.255725 1.60391e+09
3.49187 1.6426 0.246774 1.60391e+09
3.4603 1.60363 0.238577 1.60391e+09
3.44889 1.58898 0.236614 1.60391e+09
3.41976 1.54807 0.234487 1.60391e+09
3.40225 1.52097 0.234976 1.60391e+09
3.39065 1.5021 0.235746 1.60391e+09
3.3849 1.4924 0.236314 1.60391e+09
3.37916 1.48251 0.236954 1.60391e+09
3.37342 1.47248 0.237709 1.60391e+09
3.36777 1.4622 0.238476 1.60391e+09
3.35665 1.44102 0.240352 1.60391e+09
3.3512 1.43013 0.241291 1.60391e+09
3.34578 1.41904 0.242255 1.60391e+09
3.3247 1.37264 0.244859 1.60391e+09
3.30014 1.31124 0.244642 1.60391e+09
3.29108 1.28589 0.243955 1.60391e+09
3.28676 1.27311 0.243521 1.60391e+09
3.28261 1.26018 0.243093 1.60391e+09
3.27859 1.24713 0.242758 1.60391e+09
3.27473 1.23394 0.242445 1.60391e+09
3.26422 1.19387 0.241757 1.60391e+09
3.25808 1.16649 0.241414 1.60391e+09
3.25527 1.15263 0.241245 1.60391e+09
3.25007 1.12452 0.240983 1.60391e+09
3.2477 1.1103 0.240862 1.60391e+09
3.24144 1.06727 0.240592 1.60391e+09
3.23961 1.05289 0.240587 1.60391e+09
3.23794 1.03849 0.240594 1.60391e+09
3.23639 1.02408 0.240692 1.60391e+09
3.23507 1.00973 0.240703 1.60391e+09
3.23386 0.995404 0.24087 1.60391e+09
3.23283 0.981097 0.240961 1.60391e+09
3.23198 0.966865 0.241111 1.60391e+09
3.23139 0.952678 0.241331 1.60391e+09
3.23095 0.938518 0.241495 1.60391e+09
3.23071 0.924384 0.241646 1.60391e+09
3.23066 0.910248 0.241766 1.60391e+09
3.23076 0.896129 0.241841 1.60391e+09
3.23105 0.882057 0.241833 1.60391e+09
3.23148 0.867952 0.241904 1.60391e+09
3.23206 0.853879 0.241924 1.60391e+09
3.2328 0.83983 0.241909 1.60391e+09
3.23361 0.825761 0.242084 1.60391e+09
3.23459 0.811863 0.242387 1.60391e+09
3.23566 0.797951 0.242802 1.60391e+09
3.23688 0.78423 0.243491 1.60391e+09
3.23817 0.770613 0.244378 1.60391e+09
3.23959 0.757123 0.245469 1.60391e+09
3.24111 0.743799 0.246699 1.60391e+09
3.24269 0.730632 0.247978 1.60391e+09
3.24442 0.717514 0.24918 1.60391e+09
3.24623 0.704556 0.250232 1.60391e+09
3.24813 0.691716 0.251129 1.60391e+09
3.25014 0.678995 0.251915 1.60391e+09
3.25228 0.66633 0.252613 1.60391e+09
3.25454 0.653824 0.25324 1.60391e+09
3.25692 0.641405 0.253889 1.60391e+09
3.25941 0.62912 0.254575 1.60391e+09
3.26199 0.616889 0.255216 1.60391e+09
3.26467 0.6048 0.255841 1.60391e+09
3.26743 0.592803 0.256391 1.60391e+09
3.27023 0.580921 0.256883 1.60391e+09
3.27309 0.569088 0.257349 1.60391e+09
3.27596 0.557437 0.257834 1.60391e+09
3.27883 0.545934 0.258309 1.60391e+09
3.28173 0.534529 0.258814 1.60391e+09
3.28462 0.523234 0.259263 1.60391e+09
3.28748 0.512143 0.259639 1.60391e+09
3.29031 0.501209 0.259901 1.60391e+09
3.29314 0.490498 0.260066 1.60391e+09
3.29595 0.479831 0.260108 1.60391e+09
3.29873 0.46951 0.260105 1.60391e+09
3.30151 0.459259 0.260108 1.60391e+09
3.30427 0.449183 0.260164 1.60391e+09
3.307 0.439405 0.260269 1.60391e+09
3.30979 0.429706 0.260414 1.60391e+09
3.31257 0.420215 0.260555 1.60391e+09
3.31533 0.410858 0.260677 1.60391e+09
3.31816 0.401706 0.260817 1.60391e+09
3.321 0.392675 0.260937 1.60391e+09
3.32384 0.383748 0.261145 1.60391e+09
3.32667 0.374995 0.261383 1.60391e+09
3.32949 0.366411 0.261737 1.60391e+09
3.33229 0.358041 0.262212 1.60391e+09
3.33501 0.349866 0.26262 1.60391e+09
3.3377 0.341753 0.262903 1.60391e+09
3.34033 0.33387 0.263145 1.60391e+09
3.34286 0.326163 0.26326 1.60391e+09
3.34529 0.31871 0.263328 1.60391e+09
3.34762 0.31145 0.263311 1.60391e+09
3.34985 0.304383 0.263339 1.60391e+09
3.35199 0.297534 0.263339 1.60391e+09
3.35598 0.284401 0.263311 1.60391e+09
3.35786 0.278223 0.263193 1.60391e+09
3.35967 0.272125 0.262983 1.60391e+09
3.36146 0.26625 0.262727 1.60391e+09
3.36321 0.260551 0.262443 1.60391e+09
3.36493 0.255036 0.26215 1.60391e+09
3.36663 0.249627 0.26183 1.60391e+09
3.3683 0.24442 0.26139 1.60391e+09
3.36994 0.239405 0.260866 1.60391e+09
3.37155 0.234554 0.260249 1.60391e+09
3.37316 0.229811 0.259484 1.60391e+09
3.37469 0.22524 0.258585 1.60391e+09
3.37757 0.216715 0.256593 1.60391e+09
3.37888 0.212803 0.255492 1.60391e+09
3.38013 0.208964 0.254333 1.60391e+09
3.38129 0.205349 0.253156 1.60391e+09
3.38237 0.201933 0.251859 1.60391e+09
3.38335 0.198601 0.250519 1.60391e+09
3.38429 0.195481 0.249102 1.60391e+09
3.38513 0.192488 0.247685 1.60391e+09
3.38594 0.189628 0.246269 1.60391e+09
3.38669 0.186929 0.244755 1.60391e+09
3.38744 0.184388 0.243273 1.60391e+09
3.38817 0.181928 0.241738 1.60391e+09
3.38884 0.179618 0.240416 1.60391e+09
3.38957 0.177517 0.239109 1.60391e+09
3.39029 0.17547 0.23784 1.60391e+09
3.39168 0.1719 0.235651 1.60391e+09
3.39242 0.170255 0.234599 1.60391e+09
3.39312 0.168849 0.233636 1.60391e+09
3.39385 0.16755 0.232577 1.60391e+09
3.39456 0.166397 0.231484 1.60391e+09
3.39523 0.165282 0.230389 1.60391e+09
3.39719 0.162708 0.226911 1.60391e+09
3.3978 0.161946 0.225758 1.60391e+09
3.40033 0.159584 0.221712 1.60391e+09
3.40097 0.159045 0.220994 1.60391e+09
3.40171 0.158623 0.220389 1.60391e+09
3.40419 0.157305 0.219593 1.60391e+09
3.40948 0.156114 0.220647 1.60391e+09
3.41105 0.155923 0.22123 1.60391e+09
3.41273 0.155644 0.221966 1.60391e+09
3.41446 0.155386 0.222751 1.60391e+09
3.41809 0.154902 0.224568 1.60391e+09
3.42002 0.154649 0.225675 1.60391e+09
3.42417 0.153989 0.228234 1.60391e+09
3.42621 0.153586 0.229696 1.60391e+09
3.4332 0.152224 0.234442 1.60391e+09
3.44766 0.149282 0.242022 1.60391e+09
3.45846 0.147221 0.24615 1.60391e+09
3.46243 0.14649 0.247353 1.60391e+09
3.46652 0.145725 0.2484 1.60391e+09
3.47078 0.144969 0.249209 1.60391e+09
3.47514 0.144159 0.249874 1.60391e+09
3.4796 0.143292 0.250294 1.60391e+09
3.48419 0.142356 0.250511 1.60391e+09
3.48885 0.141383 0.250608 1.60391e+09
3.4936 0.140309 0.250599 1.60391e+09
3.49848 0.13919 0.250513 1.60391e+09
3.50341 0.137974 0.250531 1.60391e+09
3.50848 0.136687 0.250515 1.60391e+09
3.51369 0.135366 0.250413 1.60391e+09
3.51897 0.133978 0.250421 1.60391e+09
3.52443 0.132522 0.25026 1.60391e+09
3.53004 0.131041 0.25001 1.60391e+09
3.53583 0.12951 0.249658 1.60391e+09
3.54181 0.127925 0.249138 1.60391e+09
3.54794 0.126275 0.248536 1.60391e+09
3.55432 0.124646 0.247655 1.60391e+09
3.56087 0.122909 0.246857 1.60391e+09
3.5677 0.121185 0.245825 1.60391e+09
3.57472 0.11939 0.244853 1.60391e+09
3.58189 0.117545 0.243768 1.60391e+09
3.58925 0.115772 0.242645 1.60391e+09
3.59684 0.113842 0.241467 1.60391e+09
3.60453 0.111927 0.240227 1.60391e+09
3.61239 0.110043 0.239132 1.60391e+09
3.62042 0.108084 0.237863 1.60391e+09
3.62846 0.106044 0.236596 1.60391e+09
3.63653 0.103886 0.235289 1.60391e+09
3.64476 0.101747 0.233876 1.60391e+09
3.65306 0.0995102 0.232537 1.60391e+09
3.70487 0.085312 0.22512 1.60391e+09
3.76328 0.0696401 0.222888 1.60391e+09
3.78412 0.0644869 0.223688 1.60391e+09
3.79473 0.0618244 0.224262 1.60391e+09
3.80537 0.0590087 0.224942 1.60391e+09
3.8161 0.0563965 0.225807 1.60391e+09
3.83765 0.0508153 0.227545 1.60391e+09
3.84833 0.0480754 0.228646 1.60391e+09
3.85903 0.0451544 0.229703 1.60391e+09
3.86968 0.0422945 0.230804 1.60391e+09
3.88042 0.0394322 0.232008 1.60391e+09
3.89103 0.0366198 0.233249 1.60391e+09
3.90186 0.0337131 0.234465 1.60391e+09
3.9126 0.030869 0.235701 1.60391e+09
3.92342 0.0280317 0.23688 1.60391e+09
3.93432 0.0252523 0.238094 1.60391e+09
3.95649 0.0197444 0.240324 1.60391e+09
3.96767 0.0170531 0.241282 1.60391e+09
3.97892 0.0143708 0.242299 1.60391e+09
3.9902 0.0117047 0.243238 1.60391e+09
4.00151 0.00904789 0.244096 1.60391e+09
4.01282 0.00644197 0.244875 1.60391e+09
4.02413 0.00380082 0.245579 1.60391e+09
4.03542 0.0011698 0.246162 1.60391e+09
4.0466 -0.00146658 0.246826 1.60391e+09
4.05772 -0.00409727 0.247408 1.60391e+09
4.0796 -0.00934987 0.248418 1.60391e+09
4.09038 -0.0119749 0.248704 1.60391e+09
4.10101 -0.0145589 0.248984 1.60391e+09
4.11159 -0.0171985 0.249144 1.60391e+09
4.12201 -0.0197426 0.249162 1.60391e+09
4.13232 -0.0222625 0.249026 1.60391e+09
4.14266 -0.0247728 0.248784 1.60391e+09
4.15279 -0.027181 0.248457 1.60391e+09
4.16298 -0.029589 0.248073 1.60391e+09
4.173 -0.0319154 0.247648 1.60391e+09
4.1831 -0.034291 0.247201 1.60391e+09
4.19307 -0.0364815 0.246796 1.60391e+09
4.21289 -0.0406777 0.245995 1.60391e+09
4.22271 -0.0426581 0.245645 1.60391e+09
4.2421 -0.0465207 0.244771 1.60391e+09
4.25169 -0.0484733 0.244403 1.60391e+09
4.26107 -0.050376 0.243973 1.60391e+09
4.27037 -0.0521594 0.243616 1.60391e+09
4.27945 -0.0538908 0.243192 1.60391e+09
4.28827 -0.0556437 0.242764 1.60391e+09
4.29696 -0.057227 0.242448 1.60391e+09
4.30536 -0.0587633 0.242217 1.60391e+09
4.31355 -0.0602397 0.242077 1.60391e+09
4.32148 -0.061681 0.242101 1.60391e+09
4.32916 -0.062972 0.242056 1.60391e+09
4.33681 -0.0640599 0.242393 1.60391e+09
4.34422 -0.0651236 0.242724 1.60391e+09
4.35148 -0.0660673 0.243249 1.60391e+09
4.35876 -0.0669784 0.243914 1.60391e+09
4.36565 -0.0676125 0.244822 1.60391e+09
4.37268 -0.0682996 0.24584 1.60391e+09
4.37941 -0.0688897 0.246903 1.60391e+09
4.38598 -0.0692541 0.248244 1.60391e+09
4.399 -0.0701836 0.25107 1.60391e+09
4.40544 -0.0705793 0.252656 1.60391e+09
4.41143 -0.07082 0.25421 1.60391e+09
4.41735 -0.0710704 0.255815 1.60391e+09
4.4231 -0.0712324 0.257374 1.60391e+09
4.43401 -0.0713152 0.260368 1.60391e+09
4.43908 -0.071287 0.261876 1.60391e+09
4.44407 -0.0710431 0.263336 1.60391e+09
4.44874 -0.0708012 0.264784 1.60391e+09
4.45343 -0.0704597 0.26628 1.60391e+09
4.45784 -0.0700391 0.26758 1.60391e+09
4.46201 -0.0694582 0.268643 1.60391e+09
4.46629 -0.0688102 0.269879 1.60391e+09
4.47039 -0.0681953 0.270924 1.60391e+09
4.47437 -0.0674307 0.271788 1.60391e+09
4.47849 -0.0666408 0.272642 1.60391e+09
4.48229 -0.0657317 0.273301 1.60391e+09
4.48611 -0.0649003 0.273923 1.60391e+09
4.48993 -0.0641013 0.274584 1.60391e+09
4.49721 -0.0622186 0.275277 1.60391e+09
4.50075 -0.0612836 0.2754 1.60391e+09
4.50759 -0.0595019 0.275454 1.60391e+09
4.51092 -0.0584604 0.275362 1.60391e+09
4.51706 -0.056585 0.275069 1.60391e+09
4.51995 -0.0554873 0.274888 1.60391e+09
4.52267 -0.0543339 0.274656 1.60391e+09
4.52528 -0.0530977 0.274414 1.60391e+09
4.5277 -0.0519792 0.27418 1.60391e+09
4.53002 -0.050743 0.273955 1.60391e+09
4.53231 -0.0493632 0.273807 1.60391e+09
4.53649 -0.0463712 0.27372 1.60391e+09
4.53851 -0.0448815 0.273829 1.60391e+09
4.54056 -0.0434092 0.273944 1.60391e+09
4.54451 -0.0405002 0.274581 1.60391e+09
4.54646 -0.0391032 0.275052 1.60391e+09
4.54847 -0.0376497 0.275739 1.60391e+09
4.55043 -0.0362601 0.276439 1.60391e+09
4.55237 -0.0348845 0.277306 1.60391e+09
4.5543 -0.0336652 0.278277 1.60391e+09
4.55614 -0.0324319 0.279351 1.60391e+09
4.55788 -0.0311506 0.280534 1.60391e+09
4.55967 -0.0298544 0.281816 1.60391e+09
4.56136 -0.0285274 0.283137 1.60391e+09
4.56306 -0.027148 0.284578 1.60391e+09
4.56461 -0.0257787 0.286037 1.60391e+09
4.56618 -0.0242877 0.28758 1.60391e+09
4.56765 -0.0228616 0.289134 1.60391e+09
4.5691 -0.0213899 0.290705 1.60391e+09
4.57053 -0.019932 0.292316 1.60391e+09
4.57197 -0.0184196 0.293875 1.60391e+09
4.57489 -0.015515 0.297024 1.60391e+09
4.57638 -0.014123 0.298535 1.60391e+09
4.57796 -0.0128291 0.300062 1.60391e+09
4.57956 -0.0115453 0.301436 1.60391e+09
4.58468 -0.00806232 0.305234 1.60391e+09
4.58642 -0.00711939 0.306213 1.60391e+09
4.59016 -0.00531668 0.308125 1.60391e+09
4.59206 -0.00446972 0.308949 1.60391e+09
4.59398 -0.00358384 0.309639 1.60391e+09
4.59587 -0.00277352 0.310247 1.60391e+09
4.60341 0.000411811 0.312469 1.60391e+09
4.61298 0.00411304 0.315063 1.60391e+09
4.62341 0.00624282 0.31886 1.60391e+09
4.6257 0.0064196 0.31999 1.60391e+09
4.62807 0.00639776 0.321152 1.60391e+09
4.63039 0.00638634 0.322481 1.60391e+09
4.63292 0.00627466 0.323948 1.60391e+09
4.63542 0.00610318 0.325502 1.60391e+09
4.63792 0.0058874 0.327121 1.60391e+09
4.64041 0.00561496 0.328846 1.60391e+09
4.64294 0.00535815 0.330536 1.60391e+09
4.64541 0.00507618 0.332261 1.60391e+09
4.64786 0.00479367 0.333976 1.60391e+09
4.65028 0.00450022 0.335736 1.60391e+09
4.65269 0.00423388 0.337494 1.60391e+09
4.655 0.00390603 0.339204 1.60391e+09
4.65728 0.00362008 0.34086 1.60391e+09
4.65954 0.00328646 0.342494 1.60391e+09
4.6618 0.00292664 0.344078 1.60391e+09
4.66409 0.00248167 0.345509 1.60391e+09
4.66629 0.002049 0.346901 1.60391e+09
4.66854 0.00152148 0.348223 1.60391e+09
4.67076 0.000993402 0.349472 1.60391e+09
4.67314 0.000346321 0.350606 1.60391e+09
4.67544 -0.000326468 0.351557 1.60391e+09
4.67777 -0.00105701 0.352488 1.60391e+09
4.68011 -0.0018103 0.353234 1.60391e+09
4.68247 -0.00264208 0.353917 1.60391e+09
4.68487 -0.00348716 0.354525 1.60391e+09
4.68721 -0.00433953 0.355001 1.60391e+09
4.68955 -0.00516409 0.355392 1.60391e+09
4.69187 -0.00597764 0.355663 1.60391e+09
4.69405 -0.00675447 0.355934 1.60391e+09
4.69614 -0.00761499 0.356138 1.60391e+09
4.69823 -0.00837543 0.356329 1.60391e+09
4.70018 -0.00910978 0.356479 1.60391e+09
4.70204 -0.00985822 0.356561 1.60391e+09
4.70382 -0.0105297 0.356694 1.60391e+09
4.70552 -0.0111646 0.356814 1.60391e+09
4.70713 -0.0118421 0.35699 1.60391e+09
4.70862 -0.0124571 0.357194 1.60391e+09
4.71016 -0.013093 0.357506 1.60391e+09
4.71296 -0.0143125 0.358232 1.60391e+09
4.71441 -0.0150261 0.358855 1.60391e+09
4.71572 -0.0157116 0.35949 1.60391e+09
4.717 -0.0163673 0.360108 1.60391e+09
4.71833 -0.0171106 0.36113 1.60391e+09
4.71948 -0.0177743 0.362032 1.60391e+09
4.72075 -0.0184901 0.363198 1.60391e+09
4.72189 -0.0191709 0.364366 1.60391e+09
4.72294 -0.0197862 0.365552 1.60391e+09
4.72389 -0.0205358 0.366865 1.60391e+09
4.72648 -0.0248976 0.385981 1.60391e+09
4.72598 -0.0252053 0.388664 1.60391e+09
4.7252 -0.0255455 0.391145 1.60391e+09
4.71818 -0.026 0.398743 1.60391e+09
4.70641 -0.0231558 0.402517 1.60391e+09
4.69908 -0.0217265 0.406305 1.60391e+09
4.69261 -0.0206201 0.410753 1.60391e+09
4.69085 -0.020228 0.412029 1.60391e+09
4.689 -0.0197477 0.413271 1.60391e+09
4.68722 -0.0191674 0.414754 1.60391e+09
4.68364 -0.018017 0.417728 1.60391e+09
4.6819 -0.0174175 0.419301 1.60391e+09
4.68022 -0.0168701 0.420986 1.60391e+09
4.67851 -0.0162646 0.422571 1.60391e+09
4.67686 -0.0156639 0.424215 1.60391e+09
4.67515 -0.0150939 0.425822 1.60391e+09
4.67365 -0.014627 0.427525 1.60391e+09
4.67203 -0.0141731 0.429134 1.60391e+09
4.67056 -0.0137827 0.430635 1.60391e+09
4.66897 -0.0134461 0.432086 1.60391e+09
4.6674 -0.0131348 0.433427 1.60391e+09
4.66589 -0.0128694 0.434673 1.60391e+09
4.66441 -0.0126652 0.435815 1.60391e+09
4.66286 -0.0124023 0.436774 1.60391e+09
4.66132 -0.0122179 0.437631 1.60391e+09
4.65979 -0.0120117 0.438309 1.60391e+09
4.65677 -0.0116513 0.439335 1.60391e+09
4.64587 -0.00896579 0.439748 1.60391e+09
4.64097 -0.00860781 0.441383 1.60391e+09
4.64039 -0.00884186 0.442153 1.60391e+09
4.63982 -0.00912016 0.442946 1.60391e+09
4.63948 -0.0095154 0.44387 1.60391e+09
4.639 -0.0098829 0.444932 1.60391e+09
4.63867 -0.0103427 0.446081 1.60391e+09
4.63843 -0.0107647 0.447353 1.60391e+09
4.6384 -0.0112817 0.448636 1.60391e+09
4.63837 -0.0117612 0.450008 1.60391e+09
4.63846 -0.0122468 0.451421 1.60391e+09
4.63863 -0.0127282 0.452843 1.60391e+09
4.6389 -0.0132254 0.454259 1.60391e+09
4.63923 -0.0137248 0.455672 1.60391e+09
4.63965 -0.0143156 0.457034 1.60391e+09
4.64017 -0.0148919 0.458317 1.60391e+09
4.64073 -0.0155353 0.459498 1.60391e+09
4.64136 -0.0161875 0.460704 1.60391e+09
4.64201 -0.0169198 0.46177 1.60391e+09
4.6427 -0.0177496 0.462783 1.60391e+09
4.64342 -0.0186121 0.463713 1.60391e+09
4.64415 -0.0195228 0.464517 1.60391e+09
4.64493 -0.0205154 0.4652 1.60391e+09
4.64573 -0.0215299 0.465792 1.60391e+09
4.64659 -0.0226741 0.466361 1.60391e+09
4.64747 -0.0237 0.466652 1.60391e+09
4.64841 -0.0249548 0.467111 1.60391e+09
4.64942 -0.0261041 0.467346 1.60391e+09
4.65051 -0.0273418 0.467732 1.60391e+09
4.65162 -0.0285703 0.467952 1.60391e+09
4.6528 -0.0298009 0.468238 1.60391e+09
4.65417 -0.0310631 0.468472 1.60391e+09
4.65548 -0.0323885 0.468747 1.60391e+09
4.657 -0.0336269 0.468958 1.60391e+09
4.65849 -0.0350823 0.469332 1.60391e+09
4.66009 -0.0362273 0.46961 1.60391e+09
4.66168 -0.0376128 0.470028 1.60391e+09
4.66335 -0.0390287 0.470552 1.60391e+09
4.66498 -0.0403088 0.471044 1.60391e+09
4.66675 -0.0417744 0.471508 1.60391e+09
4.66846 -0.0432474 0.47198 1.60391e+09
4.67019 -0.0447689 0.472376 1.60391e+09
4.67191 -0.0463291 0.472651 1.60391e+09
4.6753 -0.049607 0.472891 1.60391e+09
4.67711 -0.0513457 0.472838 1.60391e+09
4.67884 -0.0531564 0.47278 1.60391e+09
4.68243 -0.0568314 0.472438 1.60391e+09
4.6842 -0.0587119 0.472227 1.60391e+09
4.68608 -0.0605841 0.47198 1.60391e+09
4.69169 -0.0661828 0.470961 1.60391e+09
4.69362 -0.0679754 0.470622 1.60391e+09
4.69758 -0.0714737 0.470025 1.60391e+09
4.69952 -0.073174 0.470028 1.60391e+09
4.70144 -0.0748398 0.470173 1.60391e+09
4.70331 -0.0764997 0.470409 1.60391e+09
4.70523 -0.0781051 0.470695 1.60391e+09
4.70709 -0.0797779 0.471013 1.60391e+09
4.70878 -0.0814108 0.471425 1.60391e+09
4.71067 -0.0831455 0.471659 1.60391e+09
4.71238 -0.0848324 0.471903 1.60391e+09
4.71407 -0.0866383 0.472103 1.60391e+09
4.71573 -0.0884978 0.47229 1.60391e+09
4.71732 -0.0904113 0.472562 1.60391e+09
4.71892 -0.0923832 0.472777 1.60391e+09
4.72044 -0.0944244 0.473153 1.60391e+09
4.72193 -0.0965334 0.473576 1.60391e+09
4.72339 -0.0986245 0.473922 1.60391e+09
4.72479 -0.100719 0.474214 1.60391e+09
4.72618 -0.102783 0.474406 1.60391e+09
4.72762 -0.104706 0.474377 1.60391e+09
4.72886 -0.106695 0.474445 1.60391e+09
4.73019 -0.108506 0.474387 1.60391e+09
4.73141 -0.110289 0.47434 1.60391e+09
4.73478 -0.115207 0.474091 1.60391e+09
4.73587 -0.116656 0.473831 1.60391e+09
4.73688 -0.118158 0.473598 1.60391e+09
4.73783 -0.119633 0.47329 1.60391e+09
4.73872 -0.121087 0.473001 1.60391e+09
4.73955 -0.122551 0.472728 1.60391e+09
4.74027 -0.124008 0.47257 1.60391e+09
4.74099 -0.125509 0.472381 1.60391e+09
4.74153 -0.127031 0.472341 1.60391e+09
4.74207 -0.12849 0.472305 1.60391e+09
4.74252 -0.12995 0.472294 1.60391e+09
4.74288 -0.131416 0.472285 1.60391e+09
4.74313 -0.132773 0.472224 1.60391e+09
4.7435 -0.135541 0.471927 1.60391e+09
4.74362 -0.137952 0.471481 1.60391e+09
4.74365 -0.139032 0.471135 1.60391e+09
4.74361 -0.140015 0.470863 1.60391e+09
4.74356 -0.140897 0.470472 1.60391e+09
4.74341 -0.141719 0.47024 1.60391e+09
4.74324 -0.142443 0.470062 1.60391e+09
4.74302 -0.143139 0.469978 1.60391e+09
4.74232 -0.144291 0.470376 1.60391e+09
4.74197 -0.144797 0.470572 1.60391e+09
4.74161 -0.145337 0.471014 1.60391e+09
4.74111 -0.145816 0.471571 1.60391e+09
4.74043 -0.146236 0.472383 1.60391e+09
4.73978 -0.146609 0.473019 1.60391e+09
4.73903 -0.147015 0.473937 1.60391e+09
4.73825 -0.147333 0.474783 1.60391e+09
4.73734 -0.147483 0.475612 1.60391e+09
4.73654 -0.147768 0.476423 1.60391e+09
4.73561 -0.147821 0.477207 1.60391e+09
4.73353 -0.14774 0.478817 1.60391e+09
4.73235 -0.147499 0.479635 1.60391e+09
4.73139 -0.147246 0.480274 1.60391e+09
4.73022 -0.146782 0.480981 1.60391e+09
4.72915 -0.146305 0.481648 1.60391e+09
4.72808 -0.145747 0.482321 1.60391e+09
4.72704 -0.145165 0.483023 1.60391e+09
4.72607 -0.144455 0.483542 1.60391e+09
4.72503 -0.143707 0.484154 1.60391e+09
4.72399 -0.142951 0.484735 1.60391e+09
4.72291 -0.142016 0.485337 1.60391e+09
4.7197 -0.139389 0.48674 1.60391e+09
4.71858 -0.138484 0.486993 1.60391e+09
4.71629 -0.136512 0.487587 1.60391e+09
4.71506 -0.135502 0.487839 1.60391e+09
4.71381 -0.134397 0.487974 1.60391e+09
4.71123 -0.132134 0.488138 1.60391e+09
4.70987 -0.130848 0.48825 1.60391e+09
4.70861 -0.129548 0.488218 1.60391e+09
4.70738 -0.128194 0.488193 1.60391e+09
4.70617 -0.126797 0.488149 1.60391e+09
4.70503 -0.125345 0.488103 1.60391e+09
4.70394 -0.123828 0.48808 1.60391e+09
4.70284 -0.122208 0.488148 1.60391e+09
4.70192 -0.120697 0.488196 1.60391e+09
4.70021 -0.117539 0.488382 1.60391e+09
4.69942 -0.115931 0.488519 1.60391e+09
4.69861 -0.114277 0.488744 1.60391e+09
4.69797 -0.112757 0.489122 1.60391e+09
4.69731 -0.111114 0.489568 1.60391e+09
4.6966 -0.109579 0.490285 1.60391e+09
4.69585 -0.107919 0.491161 1.60391e+09
4.69446 -0.104748 0.493638 1.60391e+09
4.69376 -0.103172 0.495244 1.60391e+09
4.69308 -0.10159 0.496795 1.60391e+09
4.69242 -0.100012 0.498314 1.60391e+09
4.69188 -0.0984624 0.499763 1.60391e+09
4.69079 -0.0952941 0.502391 1.60391e+09
4.69032 -0.0937473 0.503228 1.60391e+09
4.68999 -0.0922211 0.503968 1.60391e+09
4.68958 -0.0893461 0.505314 1.60391e+09
4.6895 -0.0879686 0.505792 1.60391e+09
4.68949 -0.0866497 0.506102 1.60391e+09
4.68955 -0.085383 0.506265 1.60391e+09
4.68966 -0.0841287 0.506246 1.60391e+09
4.68982 -0.082942 0.506015 1.60391e+09
4.69 -0.0817508 0.505596 1.60391e+09
4.69041 -0.0795248 0.504658 1.60391e+09
4.69057 -0.0784243 0.504198 1.60391e+09
4.69084 -0.0775469 0.503729 1.60391e+09
4.691 -0.0765478 0.503259 1.60391e+09
4.69128 -0.0757902 0.502783 1.60391e+09
4.69147 -0.0749165 0.502322 1.60391e+09
4.69208 -0.0736405 0.501335 1.60391e+09
4.69241 -0.0729847 0.500949 1.60391e+09
4.69286 -0.0725083 0.500657 1.60391e+09
4.69476 -0.0716328 0.500215 1.60391e+09
4.69558 -0.0714622 0.500199 1.60391e+09
4.69645 -0.0712835 0.500187 1.60391e+09
4.69744 -0.0712496 0.500132 1.60391e+09
4.69851 -0.0712347 0.500119 1.60391e+09
4.69963 -0.071319 0.500137 1.60391e+09
4.70079 -0.0714517 0.500199 1.60391e+09
4.70199 -0.0716179 0.500277 1.60391e+09
4.70321 -0.0718496 0.500315 1.60391e+09
4.70439 -0.0720862 0.500357 1.60391e+09
4.70558 -0.0724374 0.500323 1.60391e+09
4.70677 -0.0727922 0.50021 1.60391e+09
4.70795 -0.0732233 0.500022 1.60391e+09
4.70911 -0.0737136 0.499766 1.60391e+09
4.71026 -0.0742037 0.499438 1.60391e+09
4.7114 -0.0749051 0.499059 1.60391e+09
4.71256 -0.0755727 0.498642 1.60391e+09
4.71611 -0.07811 0.497384 1.60391e+09
4.71744 -0.079173 0.497077 1.60391e+09
4.71874 -0.0802663 0.496773 1.60391e+09
4.72011 -0.0813132 0.496564 1.60391e+09
4.72155 -0.0825573 0.496398 1.60391e+09
4.72303 -0.0837214 0.496305 1.60391e+09
4.72455 -0.085023 0.496207 1.60391e+09
4.72609 -0.086308 0.496111 1.60391e+09
4.72764 -0.0875337 0.495989 1.60391e+09
4.72919 -0.0888635 0.495817 1.60391e+09
4.73072 -0.090086 0.49558 1.60391e+09
4.73223 -0.0914442 0.495286 1.60391e+09
4.7337 -0.0926591 0.494984 1.60391e+09
4.73512 -0.0940274 0.494626 1.60391e+09
4.73651 -0.0953972 0.494248 1.60391e+09
4.73781 -0.0968369 0.493773 1.60391e+09
4.73908 -0.0982979 0.493251 1.60391e+09
4.74032 -0.0998765 0.492572 1.60391e+09
4.74146 -0.101468 0.491925 1.60391e+09
4.74259 -0.103116 0.491209 1.60391e+09
4.74477 -0.106427 0.489717 1.60391e+09
4.74582 -0.108134 0.489015 1.60391e+09
4.74686 -0.109928 0.488334 1.60391e+09
4.74791 -0.111557 0.487834 1.60391e+09
4.74897 -0.113393 0.487308 1.60391e+09
4.75005 -0.115015 0.486963 1.60391e+09
4.75109 -0.116833 0.48653 1.60391e+09
4.75211 -0.118405 0.486247 1.60391e+09
4.75414 -0.121563 0.485694 1.60391e+09
4.7551 -0.123093 0.485448 1.60391e+09
4.75813 -0.129116 0.484875 1.60391e+09
4.75871 -0.130679 0.484895 1.60391e+09
4.75911 -0.132142 0.484926 1.60391e+09
4.75946 -0.133754 0.485022 1.60391e+09
4.75969 -0.135238 0.485186 1.60391e+09
4.75986 -0.136857 0.485357 1.60391e+09
4.75995 -0.138395 0.48565 1.60391e+09
4.75998 -0.139935 0.486005 1.60391e+09
4.75995 -0.141579 0.486378 1.60391e+09
4.75981 -0.144593 0.487302 1.60391e+09
4.75972 -0.146008 0.487795 1.60391e+09
4.75958 -0.147408 0.48825 1.60391e+09
4.75926 -0.149816 0.489224 1.60391e+09
4.75884 -0.152113 0.490085 1.60391e+09
4.7586 -0.152981 0.490531 1.60391e+09
4.75825 -0.154056 0.490886 1.60391e+09
4.75784 -0.154949 0.491221 1.60391e+09
4.75733 -0.155731 0.491549 1.60391e+09
4.7568 -0.156641 0.491804 1.60391e+09
4.75615 -0.157439 0.492048 1.60391e+09
4.75538 -0.158138 0.492274 1.60391e+09
4.75457 -0.159 0.492444 1.60391e+09
4.75156 -0.161046 0.493025 1.60391e+09
4.75046 -0.161681 0.493158 1.60391e+09
4.74932 -0.1623 0.493293 1.60391e+09
4.74813 -0.16283 0.493363 1.60391e+09
4.74694 -0.163379 0.49337 1.60391e+09
4.74576 -0.163765 0.493342 1.60391e+09
4.74214 -0.164346 0.493015 1.60391e+09
4.74095 -0.164417 0.492856 1.60391e+09
4.73973 -0.164417 0.492661 1.60391e+09
4.73481 -0.163929 0.491985 1.60391e+09
4.73347 -0.163691 0.49182 1.60391e+09
4.73207 -0.16334 0.491677 1.60391e+09
4.72761 -0.162435 0.491286 1.60391e+09
4.72602 -0.162091 0.491201 1.60391e+09
4.72277 -0.161259 0.491072 1.60391e+09
4.72113 -0.160776 0.490953 1.60391e+09
4.71949 -0.160228 0.490814 1.60391e+09
4.71787 -0.159594 0.490614 1.60391e+09
4.71626 -0.158923 0.490358 1.60391e+09
4.71471 -0.158205 0.490113 1.60391e+09
4.71178 -0.15651 0.489517 1.60391e+09
4.70651 -0.152674 0.487985 1.60391e+09
4.70049 -0.147614 0.484973 1.60391e+09
4.69451 -0.142659 0.481625 1.60391e+09
4.69117 -0.139501 0.479516 1.60391e+09
4.68925 -0.137344 0.478278 1.60391e+09
4.68769 -0.135037 0.477219 1.60391e+09
4.68709 -0.133939 0.476731 1.60391e+09
4.68653 -0.132778 0.476339 1.60391e+09
4.68612 -0.131796 0.4759 1.60391e+09
4.68545 -0.129733 0.47537 1.60391e+09
4.68523 -0.128793 0.475169 1.60391e+09
4.68506 -0.127899 0.475004 1.60391e+09
4.68487 -0.126195 0.474887 1.60391e+09
4.6848 -0.125356 0.474913 1.60391e+09
