0.0113666 0.0202689 0.568683 0.0144255 0.00515375 0.569409  1604337155779836114
0.0138242 0.0169056 0.568946 0.0155357 0.00213909 0.569475  1604337155820021128
0.0165693 0.0154603 0.56891 0.0181977 -0.000381171 0.569385  1604337155859435658
0.0175783 0.011599 0.568995 0.0186784 -0.00385242 0.56937  1604337155899290091
0.0188259 0.0105002 0.56891 0.0199658 -0.00669312 0.569253  1604337155938982383
0.0186099 0.00618398 0.568893 0.0194553 -0.0098792 0.569212  1604337155979150126
0.0164075 -0.00388986 0.568832 0.0191563 -0.0145468 0.569133  1604337156019613956
0.0146482 -0.0068429 0.569007 0.0175499 -0.0164056 0.569195  1604337156059223049
0.0131 -0.00664967 0.569051 0.0168868 -0.0175057 0.569169  1604337156099096922
0.0101089 -0.00970662 0.56897 0.0150153 -0.0195446 0.569128  1604337156139073951
0.00708016 -0.0120231 0.568814 0.0131322 -0.0206088 0.569089  1604337156179043937
0.00421944 -0.0150867 0.568938 0.0101395 -0.0230878 0.569116  1604337156219810711
0.00087348 -0.0143139 0.569042 0.00829624 -0.0231219 0.569153  1604337156259280738
-0.00458305 -0.0207062 0.568926 0.00390384 -0.0262792 0.569166  1604337156299761887
-0.00819127 -0.0222206 0.569066 0.000504142 -0.0276943 0.569153  1604337156339292926
-0.010343 -0.019727 0.56905 -0.0022834 -0.0260946 0.56918  1604337156370330018
-0.0156793 -0.0188547 0.569084 -0.00528483 -0.0249044 0.5693  1604337156419161869
-0.0195039 -0.0224044 0.568836 -0.00868423 -0.0274235 0.569082  1604337156449111300
-0.0237292 -0.0200858 0.568879 -0.0131489 -0.0262125 0.569089  1604337156490781575
-0.0270776 -0.015077 0.569131 -0.0158669 -0.0232319 0.569212  1604337156529093618
-0.0324446 -0.0165991 0.568655 -0.0195479 -0.0235919 0.569022  1604337156569322146
-0.0363183 -0.0152121 0.56844 -0.0224411 -0.022109 0.568957  1604337156609312004
-0.0400816 -0.013791 0.568249 -0.0248613 -0.0204696 0.568911  1604337156649139491
-0.0432906 -0.0140651 0.56806 -0.0270976 -0.0186675 0.568885  1604337156689077363
-0.0437931 -0.00721095 0.568357 -0.0285776 -0.0143434 0.569007  1604337156729134134
-0.0459987 -0.00869426 0.568096 -0.0303322 -0.0144001 0.568895  1604337156759113115
-0.0470264 -0.00487979 0.567941 -0.0306738 -0.0138563 0.568821  1604337156799146948
-0.0475278 -0.00727551 0.567786 -0.0305514 -0.0133453 0.56882  1604337156839261581
-0.0463634 -0.00156899 0.568038 -0.0306011 -0.0104237 0.568915  1604337156879100208
-0.0461961 -0.00431006 0.567927 -0.030399 -0.0120653 0.568864  1604337156919090500
-0.0440668 -0.00321358 0.567988 -0.0285245 -0.0118465 0.568925  1604337156959109551
-0.0432868 -0.00783345 0.567829 -0.028815 -0.0177291 0.568594  1604337156999258248
-0.0411331 -0.0107382 0.567928 -0.026089 -0.0161032 0.568901  1604337157039386777
-0.0384811 -0.00850785 0.568211 -0.0243314 -0.0155063 0.569018  1604337157070206855
-0.0344246 -0.00717245 0.568339 -0.0213772 -0.0156451 0.569086  1604337157110005954
-0.0316807 -0.0113902 0.568288 -0.0185701 -0.0167612 0.569124  1604337157149658016
-0.0271862 -0.00893352 0.568825 -0.0140138 -0.0160897 0.56935  1604337157189118951
-0.0221903 -0.00721246 0.568967 -0.00972731 -0.0142061 0.569465  1604337157229105053
-0.0174356 -0.00624588 0.569007 -0.00479223 -0.0133015 0.569502  1604337157269370361
-0.0118178 -0.000226448 0.569224 -0.000151726 -0.00998352 0.569593  1604337157309384609
-0.00721904 0.00492198 0.569162 0.00436042 -0.00348492 0.569743  1604337157349344311
-0.00365466 0.00479723 0.569165 0.00708662 -0.00422856 0.569586  1604337157389118349
0.000451365 0.00938467 0.56903 0.0102038 -0.00124221 0.569518  1604337157419117444
0.0044883 0.0106013 0.569047 0.0144628 -0.000107324 0.569443  1604337157459180444
0.00857899 0.00925227 0.56893 0.0174281 -0.000847777 0.569344  1604337157499108534
0.0108224 0.00461247 0.568891 0.0200682 -0.00326698 0.569243  1604337157539118371
0.0136376 0.00586409 0.569129 0.02188 -0.00299498 0.569282  1604337157579141851
0.0152178 0.00188339 0.568836 0.0232796 -0.00504904 0.569133  1604337157619190779
0.0170419 0.00315085 0.5688 0.0250529 -0.00317033 0.569082  1604337157659121284
0.0186658 0.00748106 0.568705 0.0261766 -0.00114451 0.569027  1604337157699109869
0.0191623 0.00883887 0.568637 0.026779 3.58354e-05 0.568987  1604337157739121148
0.0193046 0.0104053 0.568611 0.0266812 0.0015766 0.568993  1604337157779136387
0.0182849 0.0084037 0.568752 0.0264868 0.000763781 0.569031  1604337157819140469
0.0163941 0.00366245 0.568817 0.0248377 -0.00139907 0.569102  1604337157859123396
0.01441 -0.000634218 0.568823 0.0228651 -0.00545165 0.569142  1604337157899139503
0.0120486 -0.00437405 0.568922 0.0212038 -0.00786332 0.569198  1604337157939162953
0.00803884 -0.0109484 0.569003 0.0185433 -0.0107402 0.569285  1604337157979426677
0.00303075 -0.0182518 0.568987 0.0129563 -0.0179845 0.569202  1604337158019196876
0.00139272 -0.0155905 0.56911 0.0110959 -0.0169944 0.569371  1604337158049161464
-0.00316562 -0.0217697 0.568804 0.00651791 -0.0199302 0.569314  1604337158089164475
-0.00799446 -0.0244998 0.568735 0.00112151 -0.0220072 0.569307  1604337158129152803
-0.012271 -0.0265297 0.568872 -0.00205173 -0.0237036 0.569328  1604337158169149977
-0.0176554 -0.0319929 0.568386 -0.00690446 -0.0258161 0.569159  1604337158209529401
-0.0214447 -0.0339712 0.568381 -0.0104966 -0.0283677 0.569063  1604337158249207781
-0.0254001 -0.0385763 0.567962 -0.0137078 -0.029465 0.568921  1604337158289128804
-0.0280759 -0.0402407 0.567753 -0.0167822 -0.0311826 0.568763  1604337158319216451
-0.0309864 -0.0409703 0.567853 -0.0194988 -0.031424 0.568758  1604337158359161621
-0.0325392 -0.0403028 0.56805 -0.0208872 -0.0329465 0.568716  1604337158399168210
-0.0358843 -0.0492773 0.56699 -0.0233107 -0.036518 0.568296  1604337158439200569
-0.0354376 -0.0455429 0.567512 -0.0234517 -0.0358545 0.568429  1604337158479194113
-0.0367931 -0.0515709 0.566909 -0.0255022 -0.0384427 0.568144  1604337158519169737
-0.0353616 -0.0478643 0.567354 -0.0242988 -0.0367724 0.568341  1604337158559232811
-0.0337933 -0.0451912 0.567514 -0.0230483 -0.0361734 0.568401  1604337158599156322
-0.0320848 -0.0434464 0.5678 -0.022715 -0.03473 0.568551  1604337158639128439
-0.0302517 -0.0414771 0.567896 -0.0217231 -0.0344992 0.568557  1604337158669096421
-0.0278151 -0.0407978 0.567927 -0.0201869 -0.032092 0.568702  1604337158709292194
-0.0236061 -0.0332965 0.568477 -0.0168933 -0.0287208 0.568976  1604337158749138279
-0.0191667 -0.0309709 0.568508 -0.0130053 -0.025193 0.56907  1604337158799540552
-0.0139869 -0.0219539 0.569223 -0.00903182 -0.0195564 0.569519  1604337158839135809
-0.011587 -0.020785 0.569269 -0.00575622 -0.0163997 0.569634  1604337158869253672
-0.00633836 -0.0149999 0.569212 -0.00138429 -0.0119946 0.569672  1604337158909495616
3.93686e-06 -0.00594196 0.569356 0.00422698 -0.00678934 0.569731  1604337158949938805
0.00470243 -0.00315246 0.569284 0.00812466 -0.00425654 0.569691  1604337158989254465
0.00871255 -0.00355449 0.568912 0.0116468 -0.00395307 0.569527  1604337159029131963
0.0140295 0.00208608 0.568755 0.0158958 -0.00076149 0.569417  1604337159069201980
0.0185735 0.00508039 0.568567 0.0184301 0.000819343 0.569324  1604337159109473952
0.0226515 0.00898824 0.568585 0.0218285 0.00299597 0.56926  1604337159149387048
0.0257092 0.0105587 0.568387 0.0244493 0.00191779 0.569127  1604337159189187989
0.0270894 0.0101382 0.56829 0.0268021 0.00279703 0.569014  1604337159219189688
0.0284856 0.00637921 0.568259 0.0275583 -0.000348232 0.568982  1604337159259209138
0.0296878 0.00363942 0.568563 0.0281648 -0.00489813 0.569071  1604337159299373735
0.0308338 -0.00159021 0.568528 0.0284756 -0.0139191 0.568837  1604337159339781961
0.0315107 -0.0130929 0.568569 0.0286868 -0.0245879 0.568549  1604337159380044961
0.030847 -0.02374 0.568272 0.0274268 -0.0355491 0.56803  1604337159419225139
0.0293494 -0.0372782 0.567472 0.0252931 -0.050511 0.566926  1604337159459202825
0.0280818 -0.04544 0.566756 0.0239663 -0.0613394 0.565818  1604337159499432331
0.0252229 -0.0507926 0.566545 0.0211114 -0.0683317 0.565142  1604337159539485836
0.0222916 -0.0554424 0.566343 0.0183949 -0.0717646 0.564867  1604337159579191601
0.0197198 -0.0529706 0.566902 0.0162384 -0.0712341 0.565047  1604337159609202714
0.0164103 -0.0428654 0.568661 0.0137224 -0.0639649 0.566344  1604337159659172934
0.014313 -0.0364355 0.569949 0.0108381 -0.0621241 0.566633  1604337159689243449
0.0105091 -0.0256741 0.571568 0.00769626 -0.0557945 0.567552  1604337159729174494
0.0092574 -0.0177276 0.573209 0.00583454 -0.0515563 0.568308  1604337159769179290
0.0038093 -0.0174123 0.574516 0.00184859 -0.0505841 0.568857  1604337159809159271
0.000169844 -0.0109511 0.576049 -0.00124629 -0.0472722 0.569502  1604337159849125807
-0.00264801 -0.00137966 0.577805 -0.00363556 -0.0411844 0.570403  1604337159889192691
-0.00545418 0.0107048 0.579187 -0.00559092 -0.0313556 0.571435  1604337159929197126
-0.00859706 0.0240389 0.579963 -0.0082421 -0.0206655 0.572199  1604337159969196541
-0.010624 0.037286 0.579957 -0.00892432 -0.00927097 0.572661  1604337160009211629
-0.0126503 0.0477039 0.579719 -0.0101839 -0.00317893 0.572713  1604337160049155269
-0.0153864 0.0517569 0.579353 -0.0115317 -0.00270057 0.572539  1604337160089252139
-0.0145942 0.04492 0.579522 -0.0135915 -0.00817701 0.572368  1604337160129356357
-0.0168958 0.0292847 0.579984 -0.0162316 -0.021958 0.571853  1604337160169815653
-0.0175417 0.00587024 0.579134 -0.0185972 -0.0381666 0.570705  1604337160209496016
-0.0202142 -0.00990392 0.577582 -0.0205466 -0.0447552 0.571456  1604337160249256869
-0.0207665 -0.0187526 0.576108 -0.0217857 -0.0585066 0.568132  1604337160279219148
-0.0208802 -0.0255322 0.574389 -0.0222464 -0.0624943 0.567298  1604337160319191076
-0.0205921 -0.032172 0.572381 -0.0225595 -0.0684497 0.566055  1604337160359222692
-0.0182081 -0.0424414 0.570121 -0.0207239 -0.0771985 0.564486  1604337160399187455
-0.0184096 -0.0531657 0.567931 -0.0203239 -0.0862262 0.562815  1604337160439205690
-0.01655 -0.070158 0.564463 -0.020074 -0.0997498 0.560117  1604337160479857146
-0.0144854 -0.0908798 0.560112 -0.0184616 -0.115203 0.556845  1604337160519030746
-0.0121155 -0.104223 0.556892 -0.0170452 -0.126596 0.554133  1604337160549215236
-0.0122515 -0.114125 0.554351 -0.0180555 -0.132429 0.55261  1604337160569371819
-0.0134855 -0.135514 0.548251 -0.0168555 -0.146188 0.548869  1604337160639191385
-0.0134855 -0.135514 0.548251 -0.0181003 -0.148 0.54832  1604337160639191385
-0.012315 -0.14764 0.545959 -0.0158848 -0.152339 0.547535  1604337160729364191
-0.0118389 -0.151853 0.545912 -0.0151616 -0.154169 0.547418  1604337160770523900
-0.00982575 -0.157188 0.545262 -0.0143528 -0.155668 0.547284  1604337160809337776
-0.00945897 -0.162675 0.544639 -0.0133982 -0.156381 0.547414  1604337160849352494
-0.010204 -0.164899 0.545033 -0.0142159 -0.156136 0.547803  1604337160889193694
-0.011433 -0.164253 0.546826 -0.0146603 -0.151561 0.549576  1604337160929182324
-0.0134222 -0.15933 0.549948 -0.0157869 -0.144695 0.551941  1604337160969381529
-0.0152649 -0.154492 0.552966 -0.0164337 -0.138693 0.554008  1604337161009404019
-0.0149972 -0.151708 0.555216 -0.0163842 -0.132084 0.556051  1604337161049214611
-0.0155663 -0.150578 0.556148 -0.0165853 -0.129999 0.556733  1604337161069171418
-0.015217 -0.152715 0.557481 -0.0164927 -0.127005 0.557954  1604337161130716413
-0.0157807 -0.15379 0.558661 -0.0172743 -0.123788 0.559042  1604337161169275370
-0.0175021 -0.151497 0.560587 -0.0180115 -0.119732 0.560304  1604337161209486983
-0.0199475 -0.147761 0.562618 -0.0198501 -0.115184 0.561543  1604337161249230145
-0.023279 -0.145134 0.564137 -0.0232807 -0.110706 0.562578  1604337161291899606
-0.0266304 -0.143339 0.565428 -0.0271415 -0.10822 0.563194  1604337161329238122
-0.030463 -0.143874 0.565664 -0.030007 -0.107523 0.563332  1604337161369234511
-0.0347738 -0.143791 0.565786 -0.0348885 -0.107896 0.56311  1604337161410120299
-0.0380747 -0.147761 0.564654 -0.0382866 -0.109196 0.562587  1604337161449918400
-0.041432 -0.145349 0.565367 -0.0418563 -0.107503 0.56279  1604337161489209977
-0.0438619 -0.139098 0.566399 -0.0443034 -0.100516 0.563749  1604337161529355969
-0.0447429 -0.127522 0.568751 -0.0443707 -0.0909018 0.565337  1604337161569269184
-0.0436323 -0.116202 0.570852 -0.0435027 -0.0783299 0.567105  1604337161609248983
-0.0414897 -0.100836 0.573123 -0.0413896 -0.0665635 0.568605  1604337161649494952
-0.0385046 -0.087837 0.574124 -0.039138 -0.0532506 0.569704  1604337161689702547
-0.0330254 -0.0760049 0.574769 -0.0332694 -0.0424956 0.570549  1604337161729501303
-0.0274535 -0.0612593 0.575225 -0.0282259 -0.0311887 0.57111  1604337161769273785
-0.020958 -0.0436879 0.575482 -0.0252615 -0.0214348 0.572372  1604337161809261758
-0.0163187 -0.0296097 0.574919 -0.0172404 -0.0041895 0.571414  1604337161839490981
-0.010598 -0.0119527 0.574193 -0.0112494 0.0114554 0.571005  1604337161879366079
-0.0043565 0.00701756 0.572366 -0.00479727 0.0262219 0.570023  1604337161919391535
0.00218516 0.0270017 0.570263 0.00159903 0.0439257 0.568478  1604337161959223505
0.00899016 0.0494475 0.56725 0.00820899 0.0595212 0.566602  1604337161999241539
0.0145852 0.0656685 0.564361 0.0138216 0.0705606 0.564884  1604337162039227503
0.019535 0.0792923 0.561081 0.0183342 0.0812967 0.562859  1604337162079198155
0.0234127 0.0916316 0.558268 0.0190719 0.0796665 0.562651  1604337162119254423
0.0257339 0.096955 0.556894 0.0236878 0.09163 0.56067  1604337162149309707
0.0271907 0.104571 0.555113 0.0250236 0.0960319 0.559741  1604337162189239705
0.0267055 0.112245 0.553733 0.0258624 0.0993015 0.559121  1604337162229486773
0.0228109 0.117104 0.553107 0.0150004 0.0847566 0.561099  1604337162269225705
0.0182473 0.124791 0.551606 0.0194348 0.106235 0.558093  1604337162309396866
0.013425 0.129642 0.550586 0.0156788 0.107003 0.557969  1604337162349195899
0.00857291 0.133231 0.550139 0.0119067 0.108352 0.557852  1604337162390432793
0.00405019 0.134752 0.550338 0.00738107 0.109587 0.557854  1604337162429225381
0.000693438 0.132353 0.551953 0.003823 0.107644 0.558619  1604337162469221279
-0.0020156 0.128935 0.55394 0.000622682 0.10392 0.559726  1604337162509258992
-0.00494442 0.125423 0.555681 -0.00469938 0.0902543 0.561861  1604337162549238747
-0.00758718 0.121691 0.557277 -0.00697564 0.0840479 0.563186  1604337162589503699
-0.00817055 0.119336 0.558333 -0.00532397 0.0896181 0.562819  1604337162619809299
-0.00840388 0.115562 0.559756 -0.00453731 0.0843129 0.563812  1604337162659428456
-0.00806585 0.114193 0.560976 -0.00515143 0.0792233 0.564748  1604337162699855016
-0.00748321 0.108023 0.563128 -0.00452487 0.0731086 0.565888  1604337162739286512
-0.00426532 0.09905 0.56574 -0.00330994 0.0640218 0.567308  1604337162779368695
-8.69839e-05 0.0881857 0.56892 -0.000465529 0.0505148 0.569052  1604337162819315855
0.00478756 0.0775231 0.571788 0.0033441 0.0345838 0.570492  1604337162859306774
0.0111372 0.0711073 0.573744 0.00924962 0.0270537 0.571193  1604337162899332202
0.0169885 0.065778 0.575404 0.0142598 0.0191577 0.571694  1604337162939321012
0.0223986 0.0615404 0.576667 0.0186835 0.0132306 0.571987  1604337162979716794
0.0276093 0.0606676 0.577737 0.0218731 0.00857245 0.572189  1604337163019213788
0.032133 0.0538558 0.579227 0.0252653 0.000774405 0.572408  1604337163059205601
0.035119 0.0507475 0.580104 0.0274165 -0.00404059 0.572464  1604337163089183882
0.0350608 0.04852 0.580543 0.0291319 -0.00826644 0.572326  1604337163099259169
0.0391842 0.0487677 0.581691 0.0312323 -0.0083269 0.572665  1604337163169496361
0.0410675 0.052343 0.581806 0.0325868 -0.00698766 0.572678  1604337163209526623
0.0404011 0.0583701 0.581726 0.032079 -0.00338148 0.572765  1604337163249643420
0.0390795 0.0622402 0.581651 0.0317896 -5.67518e-05 0.572849  1604337163279570900
0.036918 0.0656617 0.581434 0.0300556 0.00268015 0.57291  1604337163320593103
0.0336962 0.063173 0.581662 0.0275271 0.00155657 0.573037  1604337163359548689
0.0311352 0.0622227 0.581829 0.0241987 -7.42258e-05 0.573121  1604337163369467128
0.0265077 0.0573408 0.581949 0.0206753 0.0239639 0.581221  1604337163419584774
0.0154985 0.0471133 0.581616 0.0124368 -0.00890202 0.573005  1604337163499340252
0.00759197 0.040885 0.580728 0.00422738 -0.00500683 0.574529  1604337163549564190
0.00167644 0.036275 0.579436 -0.000458574 -0.0157175 0.572125  1604337163589326087
-0.00553843 0.026504 0.578106 -0.00649292 -0.02304 0.571334  1604337163629647160
-0.0121631 0.0122684 0.576618 -0.0111573 -0.0347453 0.57015  1604337163669312010
-0.0154592 -0.0020575 0.575272 -0.015858 -0.0461714 0.568873  1604337163699319397
-0.0208949 -0.0205707 0.573052 -0.02138 -0.0619982 0.566719  1604337163739360453
-0.0266102 -0.0384013 0.570098 -0.0256817 -0.0754062 0.564463  1604337163779305890
-0.0293055 -0.0475182 0.568454 -0.0275559 -0.0820242 0.563254  1604337163799672761
-0.0338098 -0.0650659 0.56504 -0.0315444 -0.0968589 0.560285  1604337163839425631
-0.0359215 -0.0800741 0.561768 -0.0339456 -0.113922 0.556455  1604337163869375189
-0.0389703 -0.115349 0.55338 -0.0361277 -0.130157 0.552467  1604337163929506885
-0.0389368 -0.123615 0.551217 -0.0372134 -0.152123 0.546382  1604337163949354323
-0.0398433 -0.151307 0.542733 -0.0373212 -0.15813 0.54457  1604337164010065163
-0.0391299 -0.166353 0.538101 -0.0365341 -0.175389 0.539177  1604337164059321991
-0.039115 -0.170802 0.537157 -0.0368022 -0.177004 0.5388  1604337164099286526
-0.0387328 -0.170803 0.537319 -0.0360081 -0.175913 0.53926  1604337164109507705
-0.0381449 -0.165756 0.540561 -0.0390157 -0.10777 0.556803  1604337164169379180
-0.0370086 -0.158063 0.544454 -0.0359884 -0.143284 0.548466  1604337164209686223
-0.0366946 -0.154987 0.545791 -0.0351558 -0.158285 0.545944  1604337164219445645
-0.0368727 -0.144501 0.550982 -0.0360534 -0.132892 0.55239  1604337164289355665
-0.0368727 -0.144501 0.550982 -0.0350789 -0.13765 0.552271  1604337164289355665
-0.0392361 -0.139927 0.554583 -0.0363883 -0.12946 0.554993  1604337164409724152
-0.0410545 -0.133602 0.556607 -0.0370806 -0.120952 0.557037  1604337164449652114
-0.0426861 -0.129263 0.558 -0.0423176 -0.101348 0.560197  1604337164469314739
-0.0491239 -0.110629 0.562673 -0.0432796 -0.0952246 0.562086  1604337164549286301
-0.0536836 -0.103517 0.564034 -0.0477577 -0.0853443 0.563409  1604337164599998346
-0.0606479 -0.100478 0.563923 -0.0521026 -0.0835896 0.563306  1604337164659224610
-0.0606479 -0.100478 0.563923 -0.0538433 -0.0824184 0.563308  1604337164659224610
-0.0799905 -0.0857605 0.56282 -0.071305 -0.071188 0.562563  1604337164789413694
-0.083738 -0.0785137 0.563249 -0.0756665 -0.0615397 0.563074  1604337164819247747
-0.0902995 -0.0637505 0.563792 -0.0809646 -0.0485212 0.563522  1604337164869321400
-0.0950299 -0.0493354 0.564217 -0.0899722 -0.0347896 0.563482  1604337164909319516
-0.0959242 -0.0374711 0.564671 -0.0855413 -0.0247515 0.564229  1604337164949319140
-0.0960912 -0.0311418 0.564894 -0.0860494 -0.0170157 0.56438  1604337164979370182
-0.0959057 -0.0238892 0.564956 -0.0857068 -0.00955011 0.564496  1604337165019340236
-0.0925305 -0.0202378 0.56542 -0.0842935 -0.00588046 0.564695  1604337165049349320
-0.0859384 -0.0128121 0.566156 -0.0800738 -0.0010944 0.565209  1604337165099326978
-0.0786161 -0.00931015 0.566864 -0.0731509 0.00210238 0.566008  1604337165139306985
-0.0692695 -0.00489576 0.567625 -0.0642431 0.00532141 0.566909  1604337165179476954
-0.0587942 -0.00404172 0.568507 -0.0546632 0.00532712 0.567822  1604337165219318296
-0.0464 -0.00288647 0.569128 -0.0439969 0.00659373 0.568561  1604337165259927930
-0.0316814 -0.000601791 0.569859 -0.0303673 0.0066389 0.569375  1604337165299578682
-0.0158348 -0.000208292 0.570235 -0.0156228 0.00502896 0.569903  1604337165340077568
0.0010307 -0.00137483 0.570292 0.000634978 0.00391328 0.570072  1604337165379448684
0.0191967 0.00017196 0.569934 0.016161 0.00428181 0.569829  1604337165419440310
0.0383503 0.0019084 0.569119 0.0330286 0.00514713 0.56914  1604337165459375156
0.056368 0.00514766 0.567809 0.0471786 0.00520344 0.568192  1604337165499351589
0.0760527 0.00716805 0.565919 0.0657846 0.00615652 0.566464  1604337165539412415
0.0905265 0.00371763 0.564154 0.0798715 0.00239491 0.564786  1604337165569379088
0.113975 0.00260275 0.560697 0.0958381 -0.00471942 0.561951  1604337165619311720
0.130424 -0.00199164 0.557661 0.113167 -0.00567787 0.559408  1604337165659320409
0.142075 -0.00458245 0.555221 0.120331 -0.0120485 0.557532  1604337165689416375
0.142075 -0.00458245 0.555221 0.127327 -0.00907768 0.556487  1604337165689416375
0.171586 -0.00851105 0.548203 0.146097 -0.0133203 0.55204  1604337165779265122
0.181474 -0.00969646 0.545542 0.154474 -0.01495 0.549855  1604337165819352280
0.188745 -0.013023 0.543524 0.159422 -0.0177285 0.548472  1604337165859273042
0.19337 -0.0184116 0.542205 0.16221 -0.0216233 0.54762  1604337165899371690
0.195387 -0.0239384 0.541167 0.163229 -0.0295079 0.546876  1604337165939489645
0.193677 -0.0307902 0.541404 0.163431 -0.0361325 0.546467  1604337165980594089
0.189595 -0.0382074 0.542153 0.160266 -0.0446783 0.54672  1604337166019572951
0.18145 -0.0424902 0.544246 0.155565 -0.0469944 0.54786  1604337166059409115
0.170536 -0.0431906 0.546997 0.147275 -0.0476142 0.549918  1604337166099361733
0.160141 -0.0389096 0.549935 0.137199 -0.0446283 0.552597  1604337166129410901
0.14367 -0.0273432 0.554479 0.122571 -0.0345285 0.556548  1604337166169553401
0.125777 -0.0134984 0.558804 0.10682 -0.0222978 0.560262  1604337166209537048
0.106694 0.00161618 0.562306 0.0904423 -0.0082568 0.563349  1604337166249720027
0.0864824 0.0168964 0.565056 0.073318 0.00534249 0.565738  1604337166289429329
0.0666479 0.0294043 0.566702 0.0545255 0.0150284 0.567489  1604337166329341336
0.0452744 0.0404898 0.5679 0.034456 0.0249922 0.568632  1604337166369256914
0.0237315 0.0468669 0.568344 0.0176645 0.0316422 0.568985  1604337166409653730
0.00274603 0.0550951 0.568065 0.00336313 0.037462 0.569289  1604337166449274810
-0.00712963 0.0607577 0.567425 -0.0109551 0.0452932 0.568219  1604337166469588954
-0.0318089 0.0726298 0.564796 -0.0317921 0.0563272 0.566312  1604337166519531174
-0.0501536 0.0805914 0.562058 -0.0481557 0.0636935 0.564255  1604337166559347397
-0.0676835 0.0863895 0.559065 -0.062616 0.0698712 0.561999  1604337166599300334
-0.0841161 0.0875618 0.556495 -0.0755388 0.0728979 0.559976  1604337166639381589
-0.0983696 0.0841986 0.55477 -0.0883179 0.0719358 0.558276  1604337166679492540
-0.110898 0.0752734 0.553952 -0.0985517 0.0661359 0.557374  1604337166719351248
-0.119845 0.0629411 0.554055 -0.10678 0.0560755 0.557112  1604337166759387206
-0.127388 0.0470485 0.55436 -0.112925 0.0468642 0.556893  1604337166799356908
-0.13566 0.0332077 0.553917 -0.120329 0.0364772 0.556275  1604337166839561794
-0.139359 0.0208566 0.553931 -0.123487 0.0262082 0.556255  1604337166879583323
-0.142623 0.00806502 0.553768 -0.127187 0.016649 0.555886  1604337166919572022
-0.14529 -0.00570571 0.553463 -0.128979 0.00279758 0.555823  1604337166959591829
-0.145506 -0.0178948 0.553528 -0.129626 -0.00639219 0.555749  1604337166989596615
-0.146044 -0.0360027 0.553015 -0.130362 -0.0186898 0.555395  1604337167039423323
-0.145166 -0.04568 0.552982 -0.130197 -0.0250451 0.555287  1604337167079395493
-0.143273 -0.0514741 0.5534 -0.129275 -0.0281164 0.555458  1604337167119408355
-0.140386 -0.0583019 0.554004 -0.127725 -0.0331 0.555699  1604337167159714421
-0.139449 -0.0627706 0.55428 -0.125818 -0.0380197 0.555993  1604337167189635584
-0.136612 -0.0704195 0.554936 -0.124555 -0.0437043 0.556121  1604337167230517975
-0.134112 -0.0813542 0.554419 -0.122988 -0.0492084 0.555998  1604337167270158317
-0.130794 -0.0898575 0.55404 -0.119697 -0.0559168 0.556076  1604337167309980229
-0.126829 -0.0949874 0.554221 -0.116322 -0.0616464 0.556248  1604337167350390489
-0.122486 -0.0984437 0.554488 -0.113978 -0.0653779 0.556298  1604337167389401672
-0.117425 -0.101662 0.554939 -0.108693 -0.0685081 0.556953  1604337167429329177
-0.111404 -0.102 0.555765 -0.103106 -0.0692525 0.55782  1604337167469444121
-0.104875 -0.103838 0.556211 -0.0976515 -0.0692028 0.558597  1604337167499771564
-0.09661 -0.0999998 0.557663 -0.0891693 -0.0675772 0.56003  1604337167539702143
-0.0903173 -0.0943462 0.559062 -0.0836485 -0.0638703 0.561163  1604337167569527484
-0.0780021 -0.0823777 0.561975 -0.0728318 -0.0544795 0.563459  1604337167619391088
-0.0696322 -0.0668991 0.564413 -0.0633035 -0.0418547 0.565511  1604337167660282692
-0.067429 -0.0653968 0.564628 -0.056946 -0.0348579 0.566417  1604337167669381352
-0.0510451 -0.0359585 0.567411 -0.049094 -0.0225474 0.567814  1604337167739417682
-0.0447409 -0.0222675 0.568048 -0.0376331 -0.00480428 0.56866  1604337167769401455
-0.0357531 -0.00469143 0.568532 -0.0295358 0.0103709 0.568915  1604337167809336496
-0.0267673 0.0140114 0.568557 -0.0208515 0.025925 0.568737  1604337167849411046
-0.0179653 0.0354443 0.567714 -0.0113634 0.0418004 0.568015  1604337167894358293
-0.00968833 0.0592799 0.565277 -0.00221521 0.0603403 0.566251  1604337167929384748
0.00112576 0.0843717 0.562058 0.00586949 0.0755026 0.564347  1604337167969329722
0.00717304 0.104436 0.55824 0.0136306 0.0911213 0.561717  1604337168009424236
0.0140985 0.120232 0.554611 0.0194937 0.103702 0.559214  1604337168049384637
0.0195734 0.135724 0.550705 0.024865 0.113713 0.556898  1604337168089400511
0.0244821 0.147419 0.547109 0.0301485 0.124148 0.554244  1604337168129517381
0.0272831 0.154694 0.544961 0.0333219 0.12968 0.552748  1604337168169420741
0.0283156 0.156422 0.544406 0.0338921 0.134375 0.551657  1604337168199374059
0.0286178 0.156621 0.544639 0.0341493 0.133445 0.551944  1604337168239458740
0.0265161 0.150633 0.546936 0.0333548 0.128038 0.553448  1604337168279562585
0.0238149 0.143149 0.549706 0.0322281 0.121128 0.555285  1604337168319626949
0.021851 0.136483 0.551905 0.0296508 0.11221 0.557397  1604337168349380571
0.0192775 0.120342 0.556346 0.027273 0.100964 0.559965  1604337168399430585
0.0144544 0.109773 0.558775 0.0226865 0.0922869 0.56173  1604337168439317215
0.00973747 0.102411 0.560364 0.0176894 0.0839415 0.563233  1604337168469550050
0.00690511 0.096922 0.561415 0.0145844 0.0809665 0.56381  1604337168489633056
-0.00629238 0.0790654 0.564018 0.00369566 0.0683793 0.565631  1604337168559581885
-0.0101138 0.0752081 0.56452 -0.000763087 0.0655041 0.566007  1604337168579643485
-0.0224427 0.0633711 0.565377 -0.0142015 0.0570442 0.566784  1604337168640903773
-0.0298277 0.0574596 0.56534 -0.0211145 0.0519411 0.566846  1604337168679663339
-0.0347424 0.0506717 0.565737 -0.0213116 0.0475954 0.567212  1604337168710084404
-0.0404218 0.0385542 0.566488 -0.0268449 0.0396263 0.567649  1604337168750213593
-0.0455941 0.026505 0.566998 -0.0323645 0.0287701 0.568088  1604337168790301972
-0.0512763 0.0132063 0.567187 -0.0363117 0.015607 0.568411  1604337168829533316
-0.0562437 -0.00147668 0.56717 -0.0420482 0.00401668 0.568315  1604337168869679157
-0.0607477 -0.0149995 0.567031 -0.0461682 -0.00747149 0.568117  1604337168909448471
-0.0641178 -0.0276108 0.566454 -0.0491752 -0.0174873 0.567709  1604337168949432558
-0.0662504 -0.0394435 0.5659 -0.0517633 -0.0265112 0.567237  1604337168989438377
-0.0674667 -0.0470095 0.56528 -0.056123 -0.0342391 0.566991  1604337169029457755
-0.068201 -0.0535236 0.564664 -0.0536936 -0.0384557 0.566397  1604337169069461481
-0.0665137 -0.0572146 0.564728 -0.0521011 -0.0428812 0.566313  1604337169099417762
-0.0659948 -0.0607993 0.564523 -0.0532195 -0.0465331 0.565978  1604337169149350925
-0.0641715 -0.0619527 0.564655 -0.05159 -0.0482274 0.566011  1604337169190585066
-0.0620037 -0.060201 0.564879 -0.0537294 -0.0477945 0.566296  1604337169229884216
-0.0591232 -0.0574196 0.565221 -0.0465817 -0.0451395 0.566563  1604337169269478964
-0.0556221 -0.0501394 0.565934 -0.0439757 -0.040108 0.56707  1604337169309447602
-0.0517066 -0.0418525 0.566857 -0.0405108 -0.0321258 0.567803  1604337169349426573
-0.049791 -0.0286973 0.567597 -0.0387186 -0.0242558 0.56827  1604337169389439186
-0.047425 -0.0197213 0.567901 -0.0359043 -0.0151591 0.568671  1604337169429453346
-0.0449619 -0.00988067 0.568022 -0.0383436 -0.00956776 0.568307  1604337169469941582
-0.0414558 -0.00057686 0.568295 -0.0302807 0.000244422 0.569075  1604337169499443309
-0.040181 0.00925945 0.568055 -0.0291275 0.00570713 0.569017  1604337169539531735
-0.0383485 0.0182817 0.567812 -0.0266221 0.0123557 0.568967  1604337169579467135
-0.0363826 0.0250339 0.567816 -0.0255267 0.0188291 0.568891  1604337169619453896
-0.0349769 0.0354657 0.567425 -0.0234517 0.0269662 0.568657  1604337169659438871
-0.0349883 0.0459197 0.56663 -0.0227254 0.0323437 0.568333  1604337169699398887
-0.0330885 0.0569162 0.566017 -0.0213581 0.0406656 0.567912  1604337169739627786
-0.0308289 0.0626955 0.565721 -0.0194371 0.0455021 0.567666  1604337169779582269
-0.0277368 0.0656781 0.56561 -0.0165146 0.0478073 0.567582  1604337169819450576
-0.026498 0.0709319 0.565094 -0.0147924 0.0504322 0.567372  1604337169859470266
-0.0230345 0.0761206 0.564892 -0.0127643 0.0537613 0.567201  1604337169899627978
-0.0192296 0.0809951 0.564601 -0.00989661 0.0566951 0.567022  1604337169939437766
-0.017934 0.0840632 0.564344 -0.00801222 0.0571375 0.566992  1604337169970374158
-0.0135464 0.0853001 0.564557 -0.00437021 0.0578409 0.567046  1604337170010763626
-0.00759584 0.0821112 0.565128 0.000374582 0.0554694 0.567325  1604337170049418554
-0.000357167 0.076849 0.566378 0.00569609 0.051678 0.567853  1604337170089463618
0.00597069 0.0737037 0.567452 0.0105687 0.0496085 0.568228  1604337170130852606
0.0114859 0.0747241 0.567499 0.0147341 0.0493633 0.568222  1604337170169604129
0.0174845 0.0786808 0.566762 0.0200773 0.0503843 0.567884  1604337170209927084
0.0245192 0.0819534 0.565933 0.0264892 0.0518999 0.567406  1604337170249578515
0.0298153 0.0821587 0.565684 0.0315957 0.0516665 0.567166  1604337170279776541
0.0366509 0.0793418 0.565845 0.0366376 0.0494105 0.567133  1604337170319383912
0.0429503 0.0739979 0.566409 0.0417912 0.0461657 0.567198  1604337170359479124
0.0495075 0.0684556 0.566695 0.0467494 0.0403893 0.567285  1604337170399466979
0.0557066 0.0638916 0.566662 0.0483288 0.0448576 0.566629  1604337170439996078
0.0640769 0.058861 0.566279 0.0586271 0.0369335 0.566428  1604337170479476033
0.0699938 0.0550065 0.565885 0.0654895 0.0287617 0.566138  1604337170509702392
0.0759804 0.0504377 0.565457 0.072409 0.025488 0.565458  1604337170539712735
0.0846865 0.0418486 0.564756 0.0795088 0.0192918 0.564738  1604337170589788627
0.0924648 0.034577 0.564037 0.0849924 0.0132564 0.564127  1604337170629629192
0.0989619 0.0273792 0.562998 0.0913382 0.00898234 0.563159  1604337170669650607
0.103778 0.0200278 0.562292 0.0950956 0.00092126 0.562539  1604337170709513861
0.107666 0.0103212 0.561715 0.0983882 -0.0070516 0.561916  1604337170749502993
0.110528 -0.00277155 0.561251 0.0997353 -0.0177334 0.561466  1604337170789717078
0.110232 -0.0179246 0.561007 0.100278 -0.0310995 0.56081  1604337170829496786
0.110508 -0.0346041 0.560102 0.099824 -0.0455478 0.559897  1604337170869496715
0.109006 -0.0470416 0.559307 0.0980514 -0.0574377 0.559058  1604337170909556603
0.105317 -0.0567594 0.558926 0.0948998 -0.0641422 0.55884  1604337170949494739
0.100996 -0.0618874 0.559082 0.0899985 -0.0674895 0.559229  1604337170979504547
0.0915302 -0.0676229 0.559884 0.0815058 -0.0717879 0.559956  1604337171019648401
0.0816273 -0.0690349 0.560959 0.0727554 -0.0724932 0.560988  1604337171059676840
0.0711938 -0.0690543 0.562218 0.0631225 -0.0711533 0.562281  1604337171099648069
0.06526 -0.0696174 0.562747 0.0572445 -0.072685 0.562672  1604337171119850645
0.04317 -0.0662778 0.564907 0.0366551 -0.0679512 0.564867  1604337171190507506
0.0189293 -0.0563082 0.567344 0.016024 -0.0565838 0.567104  1604337171249499415
0.0189293 -0.0563082 0.567344 0.0150089 -0.0567312 0.567114  1604337171249499415
0.000210261 -0.0453518 0.568495 -0.00516133 -0.0435052 0.568401  1604337171299755149
0.000210261 -0.0453518 0.568495 -0.0214515 -0.036639 0.568278  1604337171299755149
-0.0533513 -0.0249765 0.56707 -0.049474 -0.0277766 0.5672  1604337171429515875
-0.0688577 -0.0215683 0.565657 -0.0624694 -0.0261686 0.566015  1604337171469786471
-0.083314 -0.0168353 0.56398 -0.0749536 -0.0242577 0.564591  1604337171509616188
-0.0976192 -0.00966697 0.56205 -0.0869384 -0.0212439 0.563004  1604337171549515343
-0.106481 -0.00196221 0.560794 -0.0953984 -0.0125964 0.56199  1604337171579549100
-0.119394 0.0120717 0.558422 -0.105905 -0.00157281 0.560304  1604337171619473889
-0.128392 0.0268203 0.55642 -0.114356 0.0109436 0.55867  1604337171659449218
-0.137422 0.0418912 0.553846 -0.121344 0.0239598 0.556898  1604337171699483691
-0.143688 0.0559089 0.551562 -0.1261 0.0347459 0.555371  1604337171739541932
-0.151238 0.0703909 0.548177 -0.131258 0.0455212 0.55337  1604337171780181726
-0.154783 0.0791795 0.546156 -0.133804 0.0525502 0.55213  1604337171810773810
-0.156344 0.0892852 0.544687 -0.134833 0.0595984 0.551248  1604337171849561195
-0.159897 0.0984488 0.542398 -0.137338 0.0677258 0.549742  1604337171899469283
-0.158674 0.103344 0.542141 -0.137101 0.0744435 0.549101  1604337171939541174
-0.156312 0.107965 0.54172 -0.135573 0.0774149 0.548971  1604337171969637417
-0.15149 0.112526 0.541689 -0.132782 0.0810847 0.548979  1604337172010083272
-0.145562 0.115375 0.542075 -0.127931 0.0839472 0.549507  1604337172049675076
-0.137171 0.113165 0.544152 -0.121847 0.0844281 0.55074  1604337172089706825
-0.131008 0.105431 0.546858 -0.11585 0.0806707 0.552579  1604337172130342001
-0.122272 0.0946439 0.55058 -0.108661 0.0706199 0.555363  1604337172169522831
-0.11313 0.0808943 0.554364 -0.101977 0.06153 0.557716  1604337172210114679
-0.103758 0.0666621 0.557455 -0.0936539 0.0489739 0.560245  1604337172250497119
-0.0962215 0.0531387 0.559592 -0.0878608 0.042057 0.561624  1604337172290817392
-0.089512 0.0440668 0.561052 -0.0814694 0.0366217 0.562854  1604337172331897592
-0.0840661 0.0374324 0.562258 -0.0783752 0.0318242 0.563571  1604337172370304850
-0.0799828 0.0281551 0.563295 -0.074732 0.0239816 0.564429  1604337172411129447
-0.076587 0.0124553 0.564815 -0.072614 0.0118152 0.565266  1604337172450118828
-0.0734635 -0.0104145 0.566283 -0.0705698 -0.00462882 0.565955  1604337172489496899
-0.0695018 -0.033327 0.567013 -0.0670559 -0.0234109 0.566261  1604337172529505148
-0.0659747 -0.0531998 0.567272 -0.0649896 -0.0351024 0.56625  1604337172569735192
-0.0637432 -0.0686911 0.567469 -0.0627478 -0.0485171 0.566014  1604337172609721156
-0.0606412 -0.08221 0.567596 -0.060212 -0.0599697 0.565682  1604337172649709486
-0.0561367 -0.0994732 0.566664 -0.0567398 -0.0751203 0.564645  1604337172689868657
-0.0499579 -0.120365 0.564229 -0.0516418 -0.0950681 0.562451  1604337172729687130
-0.0439535 -0.142258 0.56035 -0.0470422 -0.113579 0.559575  1604337172769407374
-0.0377412 -0.159 0.556651 -0.0412946 -0.12621 0.557324  1604337172809554686
-0.0313869 -0.167476 0.555012 -0.036571 -0.13178 0.556419  1604337172849493803
-0.0235489 -0.169115 0.555334 -0.0296898 -0.13181 0.556907  1604337172894273571
-0.0165856 -0.166295 0.55642 -0.0252324 -0.130608 0.557441  1604337172929571332
-0.0111366 -0.161186 0.55771 -0.0191327 -0.129229 0.558008  1604337172969544468
-0.00427525 -0.156251 0.558276 -0.0131471 -0.125611 0.558726  1604337173009591570
0.00126932 -0.148057 0.559636 -0.00717279 -0.118034 0.56021  1604337173049541008
0.00693045 -0.133385 0.562253 -0.00185991 -0.106119 0.562359  1604337173089537102
0.0119071 -0.115632 0.565172 0.00266944 -0.089829 0.564912  1604337173129556524
0.0163569 -0.0943952 0.567916 0.0077696 -0.0734938 0.566967  1604337173169530916
0.0217838 -0.0744941 0.569659 0.0121989 -0.0562702 0.568551  1604337173209718812
0.0264513 -0.0536988 0.570564 0.0171103 -0.038869 0.569518  1604337173249585500
0.0287908 -0.0334509 0.570963 0.0199372 -0.0230937 0.569992  1604337173289732440
0.0320525 -0.0136766 0.570838 0.0221948 -0.00616129 0.570102  1604337173329821368
0.0339853 0.00483306 0.570131 0.0232748 0.00729135 0.569813  1604337173369909622
0.0352183 0.0199324 0.569172 0.0248452 0.0191669 0.569291  1604337173409718828
0.0370684 0.0327407 0.567949 0.0264709 0.0298372 0.568582  1604337173450276881
0.0363529 0.0438335 0.566814 0.0262244 0.0374608 0.567988  1604337173489767826
0.0352819 0.0519948 0.565847 0.0262986 0.0422149 0.567521  1604337173529808746
0.0345351 0.0590867 0.565341 0.0247359 0.0470519 0.56723  1604337173569809982
0.0313043 0.0651699 0.565045 0.0223484 0.0503903 0.567078  1604337173609794725
0.0282909 0.0715188 0.564454 0.0207508 0.0574437 0.566493  1604337173649888665
0.0245746 0.0799458 0.563293 0.0190654 0.0644595 0.565722  1604337173689841858
0.0226499 0.0894487 0.561694 0.0173976 0.0718312 0.564773  1604337173720143128
0.0183389 0.100249 0.559409 0.0149384 0.0786181 0.563668  1604337173759882938
0.0161296 0.111182 0.55687 0.0130321 0.08718 0.562226  1604337173799801938
0.0155611 0.118223 0.554897 0.0128333 0.092847 0.561112  1604337173839823655
0.014199 0.123281 0.553536 0.0117995 0.095544 0.560524  1604337173880129515
0.012072 0.122696 0.553477 0.0108006 0.0959265 0.560426  1604337173919878781
0.0109757 0.118423 0.554338 0.0100055 0.0933497 0.560887  1604337173959921757
0.00888384 0.109452 0.55625 0.00657689 0.0862891 0.561362  1604337173999815452
0.00779599 0.101067 0.558115 0.00606479 0.0843941 0.562624  1604337174029946754
0.00488005 0.0888983 0.560431 0.00466448 0.0755686 0.564011  1604337174069829312
0.00340241 0.0761156 0.562807 0.00214742 0.0691383 0.565072  1604337174109873368
-1.62394e-05 0.0606281 0.564987 0.000139582 0.0576009 0.566485  1604337174149871095
-0.00162233 0.0440765 0.567107 -0.00323833 0.0385502 0.568866  1604337174189809672
-0.00395243 0.0303857 0.568597 -0.00349999 0.0313933 0.568931  1604337174219779711
-0.00351335 -0.00149669 0.570993 -0.005251 0.00518391 0.570266  1604337174279805518
-0.00484377 -0.0164306 0.571556 -0.00584042 -0.00941138 0.570475  1604337174309889088
-0.00581325 -0.0328134 0.57164 -0.00659681 -0.026962 0.57018  1604337174339810833
-0.00558933 -0.0549947 0.570946 -0.00723999 -0.046574 0.569226  1604337174380101436
-0.00493712 -0.0736246 0.569411 -0.00613954 -0.0633804 0.567787  1604337174409862440
-0.00566524 -0.108122 0.564759 -0.00779534 -0.0930883 0.5639  1604337174469753525
-0.00698703 -0.128445 0.560661 -0.00878732 -0.112581 0.562129  1604337174519829785
-0.00792201 -0.133079 0.559655 -0.00957019 -0.124326 0.561639  1604337174549790544
-0.00930545 -0.132893 0.559718 -0.011388 -0.129382 0.562482  1604337174579849281
-0.0115247 -0.128524 0.560737 -0.0117459 -0.105639 0.561604  1604337174619818195
-0.0130474 -0.117836 0.562752 -0.0116856 -0.0999214 0.562642  1604337174669844524
-0.0143133 -0.110145 0.563901 -0.0129795 -0.0947645 0.563417  1604337174699850726
-0.016814 -0.0995107 0.56496 -0.0151447 -0.0925056 0.56498  1604337174749802146
-0.0206831 -0.0899738 0.565638 -0.0178808 -0.0776443 0.565386  1604337174790170781
-0.0258196 -0.0786226 0.566248 -0.0213544 -0.0669102 0.566348  1604337174829760137
-0.0284668 -0.0622142 0.56746 -0.0245859 -0.0530253 0.567478  1604337174869806510
-0.0318237 -0.0400713 0.568503 -0.0261765 -0.032569 0.568695  1604337174909765228
-0.0367047 -0.0144254 0.568714 -0.0300042 -0.011941 0.569089  1604337174949824276
-0.0403051 0.0171865 0.567807 -0.0317811 0.0173716 0.568647  1604337174989667537
-0.0413281 0.0245778 0.567202 -0.0326894 0.0271058 0.568125  1604337174999732939
-0.0453449 0.0801466 0.560503 -0.0345729 0.0442619 0.567402  1604337175079848670
-0.0478003 0.0944256 0.558033 -0.036491 0.0732981 0.563143  1604337175119830787
-0.0477979 0.100361 0.557522 -0.0367583 0.0785997 0.562574  1604337175149821084
-0.0493854 0.113105 0.556895 -0.0371142 0.0870356 0.561849  1604337175209758981
-0.05049 0.128524 0.554268 -0.0385168 0.0903318 0.560496  1604337175249747022
-0.0511997 0.144161 0.550835 -0.0386279 0.109328 0.558019  1604337175279602140
-0.0520202 0.166727 0.544431 -0.0382321 0.126455 0.554223  1604337175319626303
-0.050848 0.187476 0.537496 -0.0376075 0.141505 0.550286  1604337175360606884
-0.0527867 0.201355 0.532429 -0.0373345 0.151684 0.547421  1604337175399763011
-0.0541424 0.208061 0.530462 -0.0384219 0.159576 0.545392  1604337175439934009
-0.0570915 0.207783 0.531537 -0.0411657 0.154931 0.546734  1604337175479638882
-0.0598618 0.202655 0.534178 -0.043225 0.153065 0.547581  1604337175519760914
-0.0642351 0.194773 0.537253 -0.0470076 0.146716 0.549294  1604337175559783161
-0.0663395 0.189592 0.539111 -0.0485854 0.143414 0.550196  1604337175589645444
-0.0753876 0.178621 0.539235 -0.058251 0.132308 0.550437  1604337175639862892
-0.0748753 0.177699 0.540725 -0.0569297 0.133674 0.551505  1604337175669504702
-0.0786612 0.170686 0.541381 -0.0615266 0.128003 0.552075  1604337175709632630
-0.0848001 0.154693 0.54437 -0.066976 0.115906 0.553964  1604337175749887197
-0.0878111 0.134777 0.548725 -0.0714068 0.101342 0.556327  1604337175789663770
-0.0926209 0.108729 0.553494 -0.0757811 0.0804217 0.55924  1604337175829858511
-0.094356 0.0795205 0.558026 -0.0781218 0.0554033 0.562023  1604337175869574208
-0.095432 0.0491474 0.561081 -0.0806255 0.0256308 0.563765  1604337175909882606
-0.0969467 0.0183543 0.56238 -0.0824385 -9.33403e-05 0.564089  1604337175949623760
-0.0988229 -0.00955193 0.561596 -0.0842718 -0.0267047 0.56298  1604337175989642792
-0.0982363 -0.026485 0.561247 -0.0848888 -0.037814 0.56237  1604337176020148611
-0.0994139 -0.0433692 0.559793 -0.0854835 -0.0506296 0.561233  1604337176059426075
-0.0990776 -0.0537588 0.558677 -0.0850175 -0.0588362 0.560422  1604337176099479672
-0.0980994 -0.0626799 0.557795 -0.0844662 -0.0669758 0.559558  1604337176142108583
-0.0964081 -0.0740318 0.556539 -0.0831318 -0.0739242 0.558842  1604337176179846100
-0.09387 -0.0830053 0.555757 -0.0825901 -0.0834869 0.557613  1604337176219648932
-0.0906522 -0.0933413 0.55446 -0.0815604 -0.0916391 0.556439  1604337176260813778
-0.0890731 -0.0988917 0.553842 -0.0800389 -0.0933682 0.556389  1604337176299783462
-0.0825203 -0.0985932 0.555093 -0.07586 -0.093168 0.557087  1604337176339658789
-0.0777325 -0.0950782 0.556337 -0.0715592 -0.0916218 0.557903  1604337176379701120
-0.0718323 -0.0895615 0.558128 -0.0646289 -0.08744 0.559444  1604337176419898830
-0.0663381 -0.0833805 0.560042 -0.0594293 -0.0805547 0.561145  1604337176449932485
-0.0528977 -0.0757514 0.56286 -0.0479697 -0.0720506 0.563505  1604337176499652769
-0.0397301 -0.0666111 0.565266 -0.036691 -0.0642976 0.565355  1604337176539800756
-0.0273304 -0.0584687 0.566869 -0.0227458 -0.0549727 0.56705  1604337176579647137
-0.0167936 -0.0516566 0.567968 -0.0109728 -0.0472048 0.5681  1604337176609588686
-0.00473982 -0.0422331 0.569144 0.00205517 -0.0392692 0.568861  1604337176649848136
0.00901939 -0.0345355 0.569779 0.0128953 -0.0353876 0.569047  1604337176689569190
0.0216034 -0.0297458 0.569765 0.024365 -0.0308682 0.568955  1604337176730522161
0.0351908 -0.0228804 0.569393 0.0380562 -0.025647 0.568456  1604337176769773273
0.0473955 -0.0146656 0.568675 0.0502624 -0.0196878 0.567703  1604337176809643607
0.0597033 -0.00634158 0.567917 0.0572893 -0.0139795 0.567174  1604337176849800416
0.0717336 0.000690682 0.566591 0.0709965 -0.00728887 0.56586  1604337176890373135
0.0777379 0.00636392 0.566359 0.0764703 -0.00336715 0.565368  1604337176919976363
0.084518 0.0114316 0.565498 0.0826274 -0.00138151 0.564542  1604337176959801603
0.0899832 0.014196 0.564628 0.0880547 0.00113154 0.56373  1604337177000332103
0.0920056 0.0233843 0.564159 0.0903149 0.00880215 0.563341  1604337177040235613
0.0936978 0.0300711 0.563759 0.0920264 0.0143389 0.563  1604337177079715995
0.0948228 0.0376838 0.563328 0.0923906 0.0209038 0.56279  1604337177119680905
0.0918304 0.0440872 0.563398 0.0905216 0.0251993 0.5629  1604337177149688575
0.0885904 0.0473832 0.56355 0.0872714 0.0287549 0.563214  1604337177199688002
0.0829349 0.0488468 0.564118 0.0819207 0.0308461 0.563861  1604337177239594563
0.0764378 0.0491212 0.564808 0.0764293 0.0325429 0.564491  1604337177270320313
0.0689865 0.0479981 0.56559 0.0693201 0.033061 0.56531  1604337177309660737
0.0582609 0.0459382 0.566732 0.0595276 0.0319723 0.566421  1604337177349597056
0.0465746 0.041572 0.567926 0.0489709 0.0293852 0.567515  1604337177389643838
0.036335 0.0357749 0.568619 0.0388864 0.025441 0.568354  1604337177429659105
0.0230065 0.0282869 0.569455 0.0263087 0.0188888 0.569243  1604337177469660198
0.00920673 0.0195264 0.570047 0.0135587 0.012481 0.569824  1604337177509679369
-0.00334182 0.0100949 0.570244 0.000780438 0.00627938 0.570066  1604337177549682448
-0.0189672 -0.00278323 0.569809 -0.0125879 -0.00602755 0.56985  1604337177589881520
-0.0311452 -0.0134049 0.569111 -0.0227616 -0.0150995 0.569353  1604337177629720145
-0.0437122 -0.0272163 0.567649 -0.033747 -0.0273117 0.5688  1604337177669861440
-0.0552455 -0.037167 0.566077 -0.0463213 -0.0347576 0.567006  1604337177709746236
-0.0650753 -0.0455945 0.564519 -0.0549383 -0.0418874 0.565774  1604337177749667732
-0.0752591 -0.0543299 0.562588 -0.0631039 -0.0454906 0.56463  1604337177789735237
-0.0807942 -0.0584008 0.561574 -0.0682548 -0.0491336 0.563771  1604337177829666413
-0.0844861 -0.0625961 0.560724 -0.0707747 -0.0516756 0.563252  1604337177869650579
-0.0865092 -0.0651931 0.560302 -0.0725967 -0.0532518 0.562921  1604337177899691596
-0.0881011 -0.0675186 0.560042 -0.0736885 -0.0556077 0.562633  1604337177939678674
-0.0883636 -0.0685251 0.559947 -0.0745028 -0.0553591 0.562566  1604337177979826594
-0.0863036 -0.0667537 0.560653 -0.0723668 -0.0555043 0.562907  1604337178019686508
-0.0827785 -0.0641415 0.561463 -0.0702028 -0.0524793 0.563475  1604337178059752370
-0.0771734 -0.059662 0.562669 -0.0650277 -0.0492818 0.564374  1604337178099810154
-0.0719047 -0.0542985 0.563766 -0.059973 -0.0436131 0.565351  1604337178140261722
-0.0653678 -0.0463663 0.565236 -0.0538995 -0.0380944 0.566375  1604337178179944774
-0.0604921 -0.040909 0.566003 -0.04925 -0.0312115 0.567145  1604337178210180359
-0.0579066 -0.036355 0.566768 -0.0472307 -0.028536 0.567539  1604337178223949967
