-0.221856 0.105795 0.459692 -5.46297e-18 -4.77168e-18 0.58
0.118809 -0.0254107 0.550676 2.21339e-10 2.36725e-10 0.58
0.11878 -0.0270315 0.551216 1.37139e-08 1.46592e-08 0.58
0.118984 -0.0288114 0.551937 1.50877e-07 1.6121e-07 0.58
0.118907 -0.0313206 0.553136 8.20077e-07 8.75874e-07 0.58
0.118451 -0.0331418 0.554101 3.02078e-06 3.22492e-06 0.58
0.117916 -0.0347914 0.555002 8.72613e-06 9.3117e-06 0.58
0.117701 -0.0369708 0.556228 2.12643e-05 2.26809e-05 0.58
0.118105 -0.0386872 0.55724 4.58001e-05 4.88283e-05 0.58
0.118949 -0.0403148 0.558363 8.96921e-05 9.55761e-05 0.58
0.120038 -0.0422577 0.559806 0.000163467 0.000174104 0.58
0.120702 -0.0442254 0.561388 0.00027854 0.000296514 0.58
0.121245 -0.0455368 0.562635 0.00045324 0.000482232 0.58
0.122814 -0.0466578 0.564492 0.00106429 0.00113112 0.58
0.125254 -0.0465338 0.566484 0.00155319 0.00164977 0.58
0.125254 -0.0465338 0.566484 0.00220627 0.00234206 0.58
0.127385 -0.0452413 0.567993 0.00305924 0.00324555 0.58
0.128403 -0.0439924 0.568854 0.00415582 0.00440613 0.58
0.129757 -0.0419289 0.570129 0.00554046 0.00587035 0.58
0.131742 -0.0385986 0.57175 0.00937903 0.00992395 0.58
0.134941 -0.0331725 0.572958 0.0119412 0.012626 0.58
0.136825 -0.0305187 0.573209 0.0150159 0.0158654 0.58
0.13851 -0.0255466 0.57394 0.0186648 0.0197057 0.58
0.140089 -0.0191354 0.574876 0.0229497 0.0242106 0.58
0.142607 -0.0121517 0.575943 0.027943 0.0294544 0.58
0.145721 -0.00406195 0.577124 0.0337253 0.0355198 0.58
0.148721 0.00583206 0.578266 0.0403549 0.0424655 0.58
0.152162 0.0152618 0.578858 0.0564601 0.0593058 0.58
0.162809 0.0324978 0.579533 0.0660807 0.0693454 0.58
0.169409 0.0426182 0.579994 0.0768409 0.0805581 0.58
0.176566 0.056572 0.58108 0.0888198 0.0930221 0.58
0.184552 0.0729463 0.582379 0.102059 0.106776 0.58
0.193749 0.0886771 0.583231 0.116648 0.121907 0.58
0.204055 0.10549 0.584087 0.15014 0.156552 0.58
0.229055 0.13745 0.58515 0.169069 0.176079 0.58
0.243441 0.155253 0.5857 0.189598 0.197214 0.58
0.25999 0.17921 0.586973 0.211763 0.219988 0.58
0.278137 0.202611 0.587677 0.235551 0.244375 0.58
0.29833 0.22893 0.588442 0.288154 0.298114 0.58
0.340307 0.276086 0.589146 0.317028 0.327504 0.58
0.363568 0.301724 0.589484 0.347662 0.358603 0.58
0.390619 0.332656 0.590048 0.380008 0.391349 0.58
0.420892 0.366934 0.590634 0.449899 0.461783 0.58
0.478741 0.427744 0.591135 0.487387 0.499384 0.58
0.509856 0.460091 0.591389 0.526574 0.538552 0.58
0.547691 0.500436 0.591876 0.567451 0.579261 0.58
0.586093 0.540539 0.592135 0.609922 0.621395 0.58
0.628612 0.58492 0.592341 0.653889 0.664836 0.58
0.670887 0.628256 0.592522 0.699379 0.709587 0.58
0.714927 0.672992 0.592787 0.79462 0.802625 0.58
0.799825 0.757541 0.592872 0.844267 0.850756 0.58
0.842771 0.799932 0.592776 0.895008 0.89968 0.58
0.895569 0.853069 0.592603 0.946948 0.949465 0.58
0.946451 0.904157 0.592719 0.999948 0.999951 0.58
0.998671 0.956273 0.592765 1.10859 1.10238 0.58
1.09326 1.04798 0.592636 1.16406 1.1541 0.58
1.14498 1.09827 0.592419 1.22042 1.20621 0.58
1.20096 1.15287 0.592263 1.27667 1.25776 0.58
1.25691 1.20747 0.592237 1.33357 1.30942 0.58
1.32037 1.27111 0.59215 1.44809 1.41176 0.58
1.42047 1.36485 0.592109 1.50546 1.46214 0.58
1.47074 1.4111 0.592083 1.5629 1.51192 0.58
1.53183 1.46943 0.592502 1.61967 1.56044 0.58
1.58857 1.52256 0.593051 1.67636 1.60813 0.58
1.64495 1.57529 0.593613 1.78815 1.69976 0.58
1.74253 1.66091 0.594227 1.84299 1.74339 0.58
1.79393 1.70598 0.594857 1.89704 1.78543 0.58
1.85149 1.75712 0.596301 1.95006 1.82564 0.58
1.9045 1.80211 0.59773 2.00225 1.86411 0.58
1.95936 1.84888 0.599406 2.10271 1.93464 0.58
2.04659 1.91549 0.600617 2.15095 1.96657 0.58
2.08868 1.94592 0.601322 2.19771 1.99612 0.58
2.13548 1.98001 0.602805 2.24301 2.02325 0.58
2.18358 2.01349 0.604872 2.28673 2.04784 0.58
2.22439 2.0392 0.605999 2.32873 2.06976 0.58
2.26834 2.06644 0.607563 2.40752 2.10541 0.58
2.33906 2.10181 0.608946 2.44416 2.11899 0.58
2.36885 2.11344 0.609275 2.47887 2.12966 0.58
2.40405 2.12628 0.610518 2.51168 2.13739 0.58
2.43913 2.13645 0.61182 2.54256 2.14215 0.58
2.46959 2.14227 0.612482 2.5714 2.14391 0.58
2.49774 2.14432 0.61298 2.62317 2.1384 0.58
2.54434 2.13887 0.613878 2.64606 2.13113 0.58
2.56299 2.13291 0.614077 2.66698 2.12086 0.58
2.5852 2.12163 0.614911 2.68592 2.10762 0.58
2.60308 2.10768 0.615029 2.71802 2.07241 0.58
2.63049 2.07438 0.615027 2.73124 2.05054 0.58
2.64099 2.05633 0.615081 2.74267 2.02586 0.58
2.65214 2.02863 0.615639 2.75234 1.99849 0.58
2.66048 1.99947 0.616087 2.76029 1.96854 0.58
2.66609 1.965 0.616229 2.76663 1.93602 0.58
2.66952 1.93015 0.616292 2.77141 1.90109 0.58
2.67161 1.89269 0.616685 2.77664 1.82431 0.58
2.67327 1.81988 0.617482 2.77726 1.78271 0.58
2.67256 1.78219 0.617741 2.77669 1.7391 0.58
2.66815 1.73257 0.617936 2.77501 1.6937 0.58
2.66302 1.68459 0.6179 2.77233 1.64646 0.58
2.65704 1.63492 0.618012 2.76443 1.54762 0.58
2.64624 1.54215 0.618328 2.75942 1.49622 0.58
2.64056 1.49586 0.618395 2.75387 1.44366 0.58
2.63227 1.44045 0.618115 2.74787 1.39009 0.58
2.62188 1.37967 0.617267 2.73505 1.28067 0.58
2.60629 1.27709 0.61644 2.72847 1.22514 0.58
2.60026 1.23139 0.61632 2.72191 1.16922 0.58
2.5902 1.1685 0.615544 2.71551 1.11305 0.58
2.58194 1.10878 0.614494 2.70941 1.05709 0.58
2.57376 1.04882 0.613183 2.69844 0.945426 0.58
2.5608 0.942812 0.611639 2.69382 0.890163 0.58
2.55642 0.896968 0.611386 2.68991 0.835546 0.58
2.55025 0.838489 0.610393 2.68682 0.781629 0.58
2.54528 0.776019 0.609023 2.68465 0.72859 0.58
2.54236 0.713825 0.607337 2.68348 0.676484 0.58
2.54083 0.657161 0.60614 2.68342 0.625536 0.58
2.54035 0.602029 0.605357 2.68694 0.527914 0.58
2.5433 0.512553 0.605002 2.69068 0.481257 0.58
2.54721 0.465643 0.604713 2.69583 0.436183 0.58
2.55386 0.41623 0.604198 2.70245 0.39289 0.58
2.56359 0.365454 0.603821 2.7106 0.351439 0.58
2.57396 0.321088 0.60397 2.73166 0.274395 0.58
2.59606 0.248386 0.604544 2.74466 0.238967 0.58
2.60732 0.218992 0.604617 2.75933 0.205713 0.58
2.62742 0.180782 0.604659 2.77571 0.174648 0.58
2.64831 0.14842 0.604507 2.79381 0.145836 0.58
2.67057 0.119651 0.604561 2.83522 0.0951271 0.58
2.71258 0.0745298 0.605102 2.85848 0.0733376 0.58
2.73244 0.0569751 0.60517 2.88347 0.0538973 0.58
2.76181 0.0380234 0.604921 2.91015 0.0368452 0.58
2.79662 0.0222141 0.60408 2.93848 0.0221913 0.58
2.83248 0.0108998 0.603793 2.96841 0.00992514 0.58
2.86695 0.0029734 0.603824 2.99998 6.43236e-06 0.58
2.90418 -0.00224569 0.603144 3.0676 -0.0128126 0.58
2.96987 -0.00836173 0.601842 3.10355 -0.0157915 0.58
3.00445 -0.00828479 0.601286 3.14092 -0.0165456 0.58
3.05135 -0.0014502 0.600398 3.17957 -0.0151213 0.58
3.09949 0.00903935 0.600025 3.26037 -0.00599113 0.58
3.18092 0.0268724 0.598828 3.30241 0.00158034 0.58
3.21686 0.0349243 0.598449 3.34545 0.0110661 0.58
3.26733 0.0522404 0.59669 3.39003 0.0225614 0.58
3.32341 0.0750556 0.595013 3.434 0.0354075 0.58
3.37853 0.100166 0.594085 3.47936 0.0500953 0.58
3.43103 0.124615 0.593253 3.57196 0.0841099 0.58
3.51996 0.164331 0.591799 3.61864 0.1031 0.58
3.57008 0.189584 0.590621 3.66579 0.123416 0.58
3.6253 0.219771 0.589482 3.71308 0.144854 0.58
3.68461 0.254853 0.589 3.76051 0.167359 0.58
3.73903 0.287581 0.588921 3.80793 0.190803 0.58
3.79396 0.321557 0.588547 3.90242 0.240119 0.58
3.88958 0.379108 0.58791 3.94922 0.265736 0.58
3.92956 0.402357 0.587841 3.99564 0.29187 0.58
3.98327 0.437767 0.587883 4.04157 0.318412 0.58
4.03558 0.47314 0.588393 4.08692 0.345258 0.58
4.09113 0.512846 0.589067 4.13157 0.372284 0.58
4.14601 0.552685 0.589442 4.21869 0.426639 0.58
4.22816 0.608243 0.589742 4.26093 0.453729 0.58
4.26389 0.632069 0.589814 4.30223 0.48067 0.58
4.31403 0.668953 0.590446 4.34246 0.507329 0.58
4.35814 0.701824 0.59106 4.38164 0.533677 0.58
4.40068 0.734362 0.591653 4.41963 0.559582 0.58
4.4448 0.768648 0.592338 4.49208 0.60995 0.58
4.51351 0.819085 0.593012 4.52643 0.634264 0.58
4.54197 0.839614 0.593125 4.55951 0.657936 0.58
4.5789 0.868238 0.593713 4.5912 0.680861 0.58
4.61108 0.893849 0.59401 4.62162 0.703084 0.58
4.64295 0.919895 0.594291 4.67828 0.745051 0.58
4.69186 0.957005 0.594471 4.70455 0.764773 0.58
4.71459 0.974038 0.594556 4.72946 0.783618 0.58
4.73855 0.992009 0.594708 4.75299 0.801564 0.58
4.76014 1.00887 0.594598 4.79602 0.834744 0.58
4.79567 1.03725 0.59433 4.81555 0.849962 0.58
4.81083 1.04911 0.594273 4.83377 0.864247 0.58
4.82638 1.06052 0.594069 4.85076 0.877656 0.58
4.84116 1.06954 0.593882 4.8665 0.890155 0.58
4.85381 1.0773 0.593474 4.88108 0.901795 0.58
4.86439 1.08479 0.593129 4.8945 0.912571 0.58
4.87313 1.08939 0.592686 4.91807 0.93165 0.58
4.8897 1.09923 0.592532 4.92831 0.939997 0.58
4.89665 1.1017 0.592469 4.93759 0.947599 0.58
4.90243 1.10237 0.592214 4.94597 0.954494 0.58
4.9068 1.10251 0.591792 4.95349 0.960708 0.58
4.90909 1.09968 0.591553 4.9602 0.96628 0.58
4.9115 1.0969 0.591717 4.97143 0.975661 0.58
4.91701 1.09485 0.592025 4.97605 0.979542 0.58
4.91989 1.09599 0.592032 4.98009 0.982946 0.58
4.91967 1.09008 0.591877 4.98362 0.985938 0.58
4.91923 1.08523 0.591762 4.98658 0.988448 0.58
4.9174 1.07728 0.59188 4.99131 0.992482 0.58
4.91812 1.07225 0.591963 4.99312 0.994036 0.58
4.91752 1.06757 0.591795 4.99463 0.995333 0.58
4.91605 1.06118 0.591174 4.99587 0.9964 0.58
4.91433 1.05474 0.590383 4.99685 0.997255 0.58
4.91173 1.04559 0.589609 4.99765 0.997946 0.58
4.90992 1.03783 0.589151 4.99877 0.998916 0.58
4.90861 1.0307 0.58843 4.99913 0.999239 0.58
4.90793 1.0273 0.587907 4.99941 0.99948 0.58
4.90593 1.01866 0.586387 4.99961 0.999655 0.58
4.90464 1.01151 0.585442 4.99975 0.99978 0.58
4.90342 1.00391 0.584883 4.99991 0.999921 0.58
4.9021 0.994677 0.584336 4.99995 0.999957 0.58
4.90191 0.99295 0.584199 4.99998 0.999978 0.58
4.90135 0.984752 0.583266 4.99999 0.99999 0.58
4.90166 0.976883 0.582495 5 0.999999 0.58
4.9022 0.970166 0.58233 5 1 0.58
4.90233 0.968473 0.582323 5 1 0.58
4.90311 0.960289 0.582303 5 1 0.58
4.90433 0.954481 0.582032 5 1 0.58
4.907 0.947855 0.581552 5 1 0.58
4.90963 0.942572 0.581414 5 1 0.58
4.91295 0.936126 0.581445 5 1 0.58
4.9157 0.931547 0.581364 5 1 0.58
4.91732 0.929569 0.581218 5 1 0.58
4.92241 0.925338 0.580572 5 1 0.58
4.92853 0.92155 0.580224 5 1 0.58
4.92976 0.920829 0.580195 5 1 0.58
4.9358 0.917763 0.580173 5 1 0.58
4.94067 0.91621 0.580009 5 1 0.58
4.94607 0.915322 0.579729 5 1 0.58
4.95227 0.914878 0.579314 5 1 0.58
4.96068 0.915028 0.578779 5 1 0.58
4.96883 0.916206 0.578204 5 1 0.58
4.9751 0.917926 0.577597 5 1 0.58
4.9783 0.91898 0.577297 5 1 0.58
4.98707 0.921994 0.576517 5 1 0.58
4.9946 0.924912 0.575832 5 1 0.58
5.00398 0.929262 0.574789 5 1 0.58
5.01092 0.933384 0.573949 5 1 0.58
5.01426 0.935578 0.573598 5 1 0.58
5.0209 0.940078 0.572908 5 1 0.58
5.02795 0.944872 0.572198 5 1 0.58
5.0372 0.951352 0.57123 5 1 0.58
5.04415 0.956964 0.570493 5 1 0.58
5.05174 0.964187 0.569831 5 1 0.58
5.05317 0.965609 0.569761 5 1 0.58
5.05891 0.971366 0.569451 5 1 0.58
5.06649 0.978612 0.568846 5 1 0.58
5.07254 0.984544 0.568201 5 1 0.58
5.07398 0.986074 0.568065 5 1 0.58
5.08027 0.993322 0.56752 5 1 0.58
5.08435 0.998719 0.567332 5 1 0.58
5.08958 1.00538 0.566866 5 1 0.58
5.09408 1.01065 0.566214 5 1 0.58
5.09892 1.01636 0.565588 5 1 0.58
5.10157 1.0204 0.565415 5 1 0.58
5.10269 1.02232 0.565395 5 1 0.58
5.10557 1.02713 0.56507 5 1 0.58
5.10811 1.03055 0.564554 5 1 0.58
5.11085 1.03405 0.563984 5 1 0.58
5.11222 1.03705 0.563923 5 1 0.58
5.11239 1.03764 0.563958 5 1 0.58
5.11323 1.04078 0.563994 5 1 0.58
5.11426 1.04293 0.563853 5 1 0.58
5.11523 1.04444 0.563637 5 1 0.58
5.11529 1.04564 0.56371 5 1 0.58
5.11504 1.0462 0.563892 5 1 0.58
5.11447 1.04754 0.564351 5 1 0.58
5.11427 1.04909 0.564663 5 1 0.58
5.11437 1.04963 0.564813 5 1 0.58
5.11416 1.04968 0.56489 5 1 0.58
5.11318 1.04966 0.565252 5 1 0.58
5.11144 1.04984 0.566003 5 1 0.58
5.11049 1.0501 0.566455 5 1 0.58
5.10979 1.05006 0.566764 5 1 0.58
5.10901 1.0496 0.566921 5 1 0.58
5.10675 1.04845 0.567355 5 1 0.58
5.10517 1.04786 0.567831 5 1 0.58
5.10352 1.04724 0.56844 5 1 0.58
5.10253 1.04659 0.568996 5 1 0.58
5.10119 1.04567 0.569409 5 1 0.58
5.09858 1.0441 0.569847 5 1 0.58
5.09519 1.04245 0.570132 5 1 0.58
5.09455 1.04215 0.570235 5 1 0.58
5.09255 1.04098 0.570515 5 1 0.58
5.09058 1.03946 0.57097 5 1 0.58
5.08852 1.03806 0.571307 5 1 0.58
5.08784 1.03771 0.571364 5 1 0.58
5.08475 1.03622 0.571562 5 1 0.58
5.08096 1.03422 0.571862 5 1 0.58
5.07861 1.03262 0.572204 5 1 0.58
5.07635 1.03064 0.572749 5 1 0.58
5.0741 1.02906 0.573012 5 1 0.58
5.07065 1.02706 0.572929 5 1 0.58
5.0699 1.02667 0.572877 5 1 0.58
5.06738 1.02518 0.572806 5 1 0.58
